############################################################
#  TRANSFER MATRIX: Shell-to-shell spectral radius         #
#                                                          #
#  Track how energy flows between shells over time.        #
#  Spectral radius < 1 → bounded transfer                 #
############################################################

  amp=0.20 N=4: Step    η_1      η_2      η_3      η_4      SpecRad   Ω
  amp=0.20 N=4: 100     2.422    2.501  409.163  247.914    1.0008      0.8657
  amp=0.20 N=4: 200     2.444    2.922  307.260  232.634   16.1594      0.8661
  amp=0.20 N=4: 300     2.466    3.341  228.084  199.288    5.0779      0.8665
  amp=0.20 N=4: 400     2.490    3.757  180.090  169.883    3.1643      0.8670
  amp=0.20 N=4: 500     2.514    4.171  148.648  146.818    2.4424      0.8677
  amp=0.20 N=4: 600     2.538    4.580  126.615  128.830    2.0734      0.8684
  amp=0.20 N=4: 700     2.564    4.986  110.375  114.582    1.8519      0.8692
  amp=0.20 N=4: 800     2.590    5.387   97.938  103.083    1.7048      0.8701
  amp=0.20 N=4: 900     2.616    5.783   88.125   93.634    1.6004      0.8711
  amp=0.20 N=4: 1000    2.644    6.173   80.198   85.745    1.5226      0.8723
  amp=0.20 N=4: 1100    2.672    6.558   73.671   79.065    1.4623      0.8735
  amp=0.20 N=4: 1200    2.700    6.937   68.209   73.341    1.4144      0.8748
  amp=0.20 N=4: 1300    2.730    7.308   63.578   68.382    1.3753      0.8762
  amp=0.20 N=4: 1400    2.760    7.674   59.606   64.046    1.3429      0.8777
  amp=0.20 N=4: 1500    2.791    8.031   56.167   60.224    1.3155      0.8793
  amp=0.20 N=4: 1600    2.822    8.382   53.164   56.829    1.2922      0.8810
  amp=0.20 N=4: 1700    2.855    8.725   50.521   53.794    1.2720      0.8828
  amp=0.20 N=4: 1800    2.888    9.060   48.181   51.066    1.2543      0.8848
  amp=0.20 N=4: 1900    2.922    9.387   46.096   48.600    1.2388      0.8868
  amp=0.20 N=4: 2000    2.956    9.706   44.228   46.360    1.2251      0.8890
  amp=0.20 N=4: 2100    2.991   10.017   42.549   44.318    1.2128      0.8912
  amp=0.20 N=4: 2200    3.027   10.320   41.031   42.448    1.2017      0.8936
  amp=0.20 N=4: 2300    3.064   10.615   39.654   40.730    1.1918      0.8961
  amp=0.20 N=4: 2400    3.102   10.901   38.400   39.146    1.1827      0.8988
  amp=0.20 N=4: 2500    3.140   11.179   37.255   37.681    1.1745      0.9015
  amp=0.20 N=4: 2600    3.179   11.449   36.206   36.324    1.1669      0.9044
  amp=0.20 N=4: 2700    3.219   11.711   35.242   35.063    1.1600      0.9074
  amp=0.20 N=4: 2800    3.260   11.964   34.355   33.888    1.1537      0.9106
  amp=0.20 N=4: 2900    3.301   12.210   33.535   32.791    1.1478      0.9138
  amp=0.20 N=4: 3000    3.344   12.448   32.777   31.766    1.1423      0.9173
  amp=0.20 N=4: 3100    3.387   12.679   32.073   30.806    1.1373      0.9208
  amp=0.20 N=4: 3200    3.431   12.902   31.420   29.905    1.1326      0.9245
  amp=0.20 N=4: 3300    3.475   13.117   30.812   29.059    1.1282      0.9284
  amp=0.20 N=4: 3400    3.521   13.325   30.244   28.263    1.1241      0.9324
  amp=0.20 N=4: 3500    3.567   13.527   29.714   27.513    1.1203      0.9366
  amp=0.20 N=4: 3600    3.614   13.721   29.218   26.806    1.1167      0.9409
  amp=0.20 N=4: 3700    3.662   13.910   28.754   26.139    1.1133      0.9454
  amp=0.20 N=4: 3800    3.711   14.091   28.318   25.509    1.1102      0.9501
  amp=0.20 N=4: 3900    3.760   14.267   27.908   24.913    1.1072      0.9549
  amp=0.20 N=4: 4000    3.811   14.437   27.523   24.350    1.1044      0.9600
  amp=0.20 N=4: 4100    3.862   14.601   27.160   23.817    1.1018      0.9652
  amp=0.20 N=4: 4200    3.914   14.759   26.818   23.312    1.0993      0.9706
  amp=0.20 N=4: 4300    3.967   14.913   26.495   22.834    1.0969      0.9762
  amp=0.20 N=4: 4400    4.021   15.061   26.191   22.382    1.0947      0.9820
  amp=0.20 N=4: 4500    4.075   15.205   25.902   21.952    1.0926      0.9881
  amp=0.20 N=4: 4600    4.131   15.344   25.630   21.546    1.0906      0.9943
  amp=0.20 N=4: 4700    4.187   15.479   25.372   21.160    1.0887      1.0008
  amp=0.20 N=4: 4800    4.244   15.610   25.127   20.795    1.0869      1.0075
  amp=0.20 N=4: 4900    4.302   15.737   24.895   20.448    1.0852      1.0145
  amp=0.20 N=4: 5000    4.361   15.860   24.675   20.120    1.0836      1.0217

  amp=0.20 N=6: Step    η_1      η_2      η_3      η_4      η_5      η_6      SpecRad   Ω
  amp=0.20 N=6: 100     2.422    2.501  409.163  247.914  166.289  119.343    1.0006      0.8657
  amp=0.20 N=6: 200     2.444    2.922  307.262  232.606  156.577  117.530   65.2828      0.8661
  amp=0.20 N=6: 300     2.466    3.341  228.090  199.235  136.314  109.057   11.5045      0.8665
  amp=0.20 N=6: 400     2.490    3.757  180.101  169.853  119.321   98.553    5.6924      0.8671
  amp=0.20 N=6: 500     2.514    4.171  148.664  146.852  106.454   88.892    3.8864      0.8677
  amp=0.20 N=6: 600     2.538    4.580  126.637  128.957   96.553   80.681    3.0610      0.8684
  amp=0.20 N=6: 700     2.564    4.986  110.403  114.822   88.655   73.844    2.6010      0.8692
  amp=0.20 N=6: 800     2.590    5.387   97.972  103.450   82.140   68.153    2.3118      0.8701
  amp=0.20 N=6: 900     2.616    5.783   88.167   94.139   76.621   63.384    2.1148      0.8711
  amp=0.20 N=6: 1000    2.644    6.173   80.247   86.397   71.855   59.345    1.9725      0.8723
  amp=0.20 N=6: 1100    2.672    6.558   73.726   79.870   67.680   55.887    1.8649      0.8735
  amp=0.20 N=6: 1200    2.700    6.937   68.271   74.304   63.986   52.890    1.7808      0.8748
  amp=0.20 N=6: 1300    2.730    7.308   63.648   69.507   60.692   50.264    1.7132      0.8762
  amp=0.20 N=6: 1400    2.760    7.674   59.684   65.336   57.737   47.940    1.6574      0.8777
  amp=0.20 N=6: 1500    2.791    8.031   56.253   61.681   55.073   45.864    1.6106      0.8793
  amp=0.20 N=6: 1600    2.822    8.382   53.258   58.456   52.660   43.993    1.5706      0.8810
  amp=0.20 N=6: 1700    2.855    8.725   50.624   55.592   50.468   42.294    1.5359      0.8829
  amp=0.20 N=6: 1800    2.888    9.060   48.292   53.036   48.469   40.743    1.5056      0.8848
  amp=0.20 N=6: 1900    2.922    9.387   46.215   50.742   46.641   39.319    1.4788      0.8869
  amp=0.20 N=6: 2000    2.956    9.706   44.357   48.676   44.964   38.005    1.4550      0.8890
  amp=0.20 N=6: 2100    2.991   10.017   42.686   46.806   43.424   36.789    1.4335      0.8913
  amp=0.20 N=6: 2200    3.027   10.320   41.177   45.109   42.004   35.660    1.4142      0.8937
  amp=0.20 N=6: 2300    3.064   10.615   39.810   43.563   40.693   34.609    1.3966      0.8963
  amp=0.20 N=6: 2400    3.102   10.901   38.566   42.150   39.481   33.628    1.3807      0.8989
  amp=0.20 N=6: 2500    3.140   11.179   37.430   40.856   38.357   32.712    1.3661      0.9017
  amp=0.20 N=6: 2600    3.179   11.449   36.391   39.668   37.313   31.855    1.3527      0.9046
  amp=0.20 N=6: 2700    3.219   11.711   35.437   38.574   36.342   31.052    1.3404      0.9077
  amp=0.20 N=6: 2800    3.260   11.965   34.560   37.565   35.438   30.300    1.3291      0.9109
  amp=0.20 N=6: 2900    3.301   12.211   33.751   36.633   34.595   29.595    1.3186      0.9142
  amp=0.20 N=6: 3000    3.343   12.449   33.003   35.770   33.807   28.933    1.3090      0.9177
  amp=0.20 N=6: 3100    3.386   12.680   32.310   34.970   33.070   28.313    1.3001      0.9213
  amp=0.20 N=6: 3200    3.430   12.903   31.667   34.226   32.380   27.730    1.2918      0.9251
  amp=0.20 N=6: 3300    3.475   13.119   31.070   33.535   31.734   27.184    1.2841      0.9291
  amp=0.20 N=6: 3400    3.520   13.327   30.514   32.892   31.127   26.672    1.2770      0.9332
  amp=0.20 N=6: 3500    3.566   13.529   29.995   32.292   30.557   26.192    1.2705      0.9375
  amp=0.20 N=6: 3600    3.613   13.724   29.511   31.733   30.021   25.742    1.2644      0.9420
  amp=0.20 N=6: 3700    3.661   13.913   29.058   31.210   29.518   25.320    1.2587      0.9467
  amp=0.20 N=6: 3800    3.710   14.095   28.634   30.721   29.043   24.926    1.2534      0.9515
  amp=0.20 N=6: 3900    3.759   14.271   28.237   30.264   28.596   24.556    1.2485      0.9566
  amp=0.20 N=6: 4000    3.810   14.442   27.865   29.836   28.175   24.210    1.2440      0.9619
  amp=0.20 N=6: 4100    3.861   14.606   27.515   29.435   27.777   23.887    1.2398      0.9673
  amp=0.20 N=6: 4200    3.913   14.766   27.186   29.059   27.402   23.585    1.2359      0.9731
  amp=0.20 N=6: 4300    3.965   14.920   26.877   28.706   27.047   23.302    1.2323      0.9790
  amp=0.20 N=6: 4400    4.019   15.069   26.586   28.376   26.712   23.037    1.2289      0.9852
  amp=0.20 N=6: 4500    4.073   15.214   26.312   28.065   26.396   22.790    1.2257      0.9917
  amp=0.20 N=6: 4600    4.129   15.355   26.054   27.774   26.096   22.559    1.2228      0.9984
  amp=0.20 N=6: 4700    4.185   15.491   25.811   27.500   25.813   22.343    1.2201      1.0055
  amp=0.20 N=6: 4800    4.242   15.623   25.582   27.244   25.545   22.140    1.2175      1.0128
  amp=0.20 N=6: 4900    4.299   15.752   25.366   27.002   25.292   21.949    1.2152      1.0205
  amp=0.20 N=6: 5000    4.358   15.877   25.162   26.776   25.052   21.771    1.2129      1.0284

  amp=0.20 N=8: Step    η_1      η_2      η_3      η_4      η_5      η_6      η_7      η_8      SpecRad   Ω
  amp=0.20 N=8: 100     2.422    2.501  409.163  247.914  166.289  119.343    0.000    0.000    1.0004      0.8657
  amp=0.20 N=8: 200     2.444    2.922  307.262  232.606  156.577  117.553   89.106    0.000   66.0991      0.8661
  amp=0.20 N=8: 300     2.466    3.341  228.090  199.235  136.314  109.188   85.343    0.000   19.5547      0.8665
  amp=0.20 N=8: 400     2.490    3.757  180.101  169.853  119.321   98.836   79.949   64.285    8.9422      0.8671
  amp=0.20 N=8: 500     2.514    4.171  148.664  146.853  106.455   89.323   74.242   60.427    7.0782      0.8677
  amp=0.20 N=8: 600     2.538    4.580  126.637  128.957   96.555   81.238   68.854   56.862    5.1869      0.8684
  amp=0.20 N=8: 700     2.564    4.986  110.403  114.822   88.659   74.500   64.004   53.727    4.2000      0.8692
  amp=0.20 N=8: 800     2.590    5.387   97.972  103.450   82.146   68.881   59.726   50.990    3.6018      0.8701
  amp=0.20 N=8: 900     2.616    5.783   88.167   94.140   76.628   64.158   55.979   48.571    3.1990      0.8711
  amp=0.20 N=8: 1000    2.644    6.173   80.247   86.397   71.864   60.147   52.699   46.392    2.9062      0.8723
  amp=0.20 N=8: 1100    2.672    6.558   73.726   79.871   67.692   56.700   49.820   44.396    2.6814      0.8735
  amp=0.20 N=8: 1200    2.700    6.937   68.271   74.304   64.001   53.705   47.280   42.543    2.5019      0.8748
  amp=0.20 N=8: 1300    2.730    7.308   63.648   69.507   60.710   51.075   45.029   40.810    2.3544      0.8762
  amp=0.20 N=8: 1400    2.760    7.674   59.684   65.337   57.759   48.743   43.021   39.181    2.2307      0.8777
  amp=0.20 N=8: 1500    2.791    8.031   56.253   61.682   55.098   46.658   41.220   37.647    2.1256      0.8793
  amp=0.20 N=8: 1600    2.822    8.382   53.258   58.457   52.690   44.780   39.595   36.199    2.0351      0.8810
  amp=0.20 N=8: 1700    2.855    8.725   50.624   55.594   50.502   43.077   38.122   34.833    1.9565      0.8829
  amp=0.20 N=8: 1800    2.888    9.060   48.292   53.037   48.508   41.524   36.780   33.544    1.8877      0.8848
  amp=0.20 N=8: 1900    2.922    9.387   46.215   50.744   46.685   40.101   35.551   32.326    1.8270      0.8869
  amp=0.20 N=8: 2000    2.956    9.706   44.357   48.678   45.014   38.792   34.422   31.177    1.7732      0.8890
  amp=0.20 N=8: 2100    2.991   10.017   42.686   46.808   43.479   37.584   33.380   30.091    1.7252      0.8913
  amp=0.20 N=8: 2200    3.027   10.320   41.177   45.111   42.066   36.465   32.417   29.065    1.6822      0.8937
  amp=0.20 N=8: 2300    3.064   10.615   39.810   43.565   40.762   35.426   31.523   28.094    1.6434      0.8963
  amp=0.20 N=8: 2400    3.102   10.901   38.566   42.153   39.557   34.459   30.691   27.177    1.6084      0.8989
  amp=0.20 N=8: 2500    3.140   11.179   37.430   40.859   38.440   33.558   29.916   26.309    1.5766      0.9017
  amp=0.20 N=8: 2600    3.179   11.449   36.391   39.671   37.404   32.717   29.192   25.487    1.5476      0.9046
  amp=0.20 N=8: 2700    3.219   11.711   35.437   38.578   36.442   31.930   28.515   24.709    1.5211      0.9077
  amp=0.20 N=8: 2800    3.260   11.965   34.560   37.570   35.546   31.194   27.881   23.973    1.4969      0.9109
  amp=0.20 N=8: 2900    3.301   12.211   33.751   36.638   34.712   30.505   27.287   23.275    1.4746      0.9142
  amp=0.20 N=8: 3000    3.343   12.449   33.003   35.775   33.934   29.859   26.729   22.615    1.4541      0.9177
  amp=0.20 N=8: 3100    3.386   12.680   32.310   34.976   33.207   29.253   26.206   21.990    1.4352      0.9213
  amp=0.20 N=8: 3200    3.430   12.903   31.667   34.233   32.527   28.684   25.714   21.399    1.4175      0.9251
  amp=0.20 N=8: 3300    3.475   13.119   31.070   33.543   31.891   28.151   25.252   20.839    1.4011      0.9291
  amp=0.20 N=8: 3400    3.520   13.327   30.514   32.900   31.295   27.650   24.818   20.311    1.3856      0.9332
  amp=0.20 N=8: 3500    3.566   13.529   29.995   32.301   30.737   27.180   24.410   19.813    1.3712      0.9375
  amp=0.20 N=8: 3600    3.613   13.724   29.511   31.743   30.213   26.739   24.026   19.343    1.3580      0.9420
  amp=0.20 N=8: 3700    3.661   13.913   29.058   31.221   29.722   26.325   23.666   18.900    1.3465      0.9467
  amp=0.20 N=8: 3800    3.710   14.095   28.635   30.733   29.260   25.937   23.327   18.484    1.3370      0.9515
  amp=0.20 N=8: 3900    3.759   14.271   28.238   30.277   28.826   25.573   23.008   18.094    1.3292      0.9566
  amp=0.20 N=8: 4000    3.810   14.442   27.865   29.850   28.418   25.232   22.709   17.727    1.3227      0.9619
  amp=0.20 N=8: 4100    3.861   14.606   27.516   29.451   28.035   24.914   22.428   17.385    1.3171      0.9674
  amp=0.20 N=8: 4200    3.913   14.766   27.187   29.076   27.674   24.615   22.165   17.064    1.3120      0.9731
  amp=0.20 N=8: 4300    3.965   14.920   26.878   28.725   27.335   24.337   21.918   16.765    1.3074      0.9791
  amp=0.20 N=8: 4400    4.019   15.070   26.587   28.396   27.016   24.077   21.686   16.485    1.3031      0.9853
  amp=0.20 N=8: 4500    4.073   15.214   26.313   28.087   26.716   23.835   21.468   16.225    1.2990      0.9918
  amp=0.20 N=8: 4600    4.129   15.355   26.055   27.798   26.433   23.609   21.265   15.981    1.2953      0.9986
  amp=0.20 N=8: 4700    4.185   15.491   25.812   27.526   26.168   23.400   21.074   15.754    1.2918      1.0057
  amp=0.20 N=8: 4800    4.242   15.623   25.583   27.272   25.918   23.206   20.895   15.541    1.2885      1.0130
  amp=0.20 N=8: 4900    4.299   15.752   25.367   27.033   25.683   23.026   20.729   15.341    1.2855      1.0207
  amp=0.20 N=8: 5000    4.358   15.877   25.164   26.809   25.463   22.859   20.572   15.152    1.2827      1.0288

  amp=0.28 N=4: Step    η_1      η_2      η_3      η_4      SpecRad   Ω
  amp=0.28 N=4: 100     3.370    3.475  409.163  247.914    1.0015      1.6974
  amp=0.28 N=4: 200     3.414    4.297  307.419  232.646   16.1729      1.6989
  amp=0.28 N=4: 300     3.459    5.113  228.446  199.322    5.0814      1.7007
  amp=0.28 N=4: 400     3.506    5.921  180.648  169.927    3.1661      1.7029
  amp=0.28 N=4: 500     3.555    6.718  149.396  146.862    2.4434      1.7054
  amp=0.28 N=4: 600     3.606    7.504  127.550  128.867    2.0741      1.7083
  amp=0.28 N=4: 700     3.658    8.275  111.493  114.609    1.8522      1.7116
  amp=0.28 N=4: 800     3.713    9.030   99.236  103.096    1.7050      1.7153
  amp=0.28 N=4: 900     3.770    9.769   89.601   93.633    1.6004      1.7193
  amp=0.28 N=4: 1000    3.828   10.489   81.847   85.729    1.5224      1.7238
  amp=0.28 N=4: 1100    3.889   11.190   75.490   79.036    1.4621      1.7286
  amp=0.28 N=4: 1200    3.951   11.871   70.195   73.298    1.4140      1.7339
  amp=0.28 N=4: 1300    4.016   12.530   65.727   68.328    1.3749      1.7396
  amp=0.28 N=4: 1400    4.083   13.168   61.915   63.982    1.3424      1.7457
  amp=0.28 N=4: 1500    4.151   13.783   58.631   60.152    1.3150      1.7523
  amp=0.28 N=4: 1600    4.222   14.377   55.778   56.752    1.2916      1.7593
  amp=0.28 N=4: 1700    4.295   14.947   53.282   53.715    1.2715      1.7668
  amp=0.28 N=4: 1800    4.370   15.496   51.084   50.987    1.2538      1.7748
  amp=0.28 N=4: 1900    4.448   16.021   49.136   48.525    1.2384      1.7833
  amp=0.28 N=4: 2000    4.527   16.525   47.402   46.293    1.2246      1.7923
  amp=0.28 N=4: 2100    4.609   17.007   45.851   44.261    1.2124      1.8018
  amp=0.28 N=4: 2200    4.693   17.468   44.457   42.406    1.2015      1.8119
  amp=0.28 N=4: 2300    4.779   17.908   43.199   40.707    1.1916      1.8226
  amp=0.28 N=4: 2400    4.867   18.328   42.061   39.147    1.1827      1.8339
  amp=0.28 N=4: 2500    4.958   18.729   41.027   37.711    1.1746      1.8458
  amp=0.28 N=4: 2600    5.051   19.111   40.085   36.386    1.1673      1.8583
  amp=0.28 N=4: 2700    5.146   19.475   39.225   35.162    1.1606      1.8715
  amp=0.28 N=4: 2800    5.244   19.823   38.437   34.030    1.1544      1.8854
  amp=0.28 N=4: 2900    5.344   20.154   37.713   32.981    1.1488      1.9001
  amp=0.28 N=4: 3000    5.446   20.471   37.048   32.008    1.1436      1.9155
  amp=0.28 N=4: 3100    5.551   20.773   36.434   31.106    1.1389      1.9317
  amp=0.28 N=4: 3200    5.658   21.061   35.867   30.268    1.1345      1.9487
  amp=0.28 N=4: 3300    5.767   21.337   35.343   29.490    1.1304      1.9666
  amp=0.28 N=4: 3400    5.879   21.601   34.858   28.768    1.1267      1.9855
  amp=0.28 N=4: 3500    5.993   21.855   34.408   28.097    1.1232      2.0053
  amp=0.28 N=4: 3600    6.110   22.099   33.991   27.474    1.1200      2.0261
  amp=0.28 N=4: 3700    6.229   22.333   33.603   26.895    1.1170      2.0480
  amp=0.28 N=4: 3800    6.350   22.560   33.242   26.358    1.1143      2.0709
  amp=0.28 N=4: 3900    6.474   22.779   32.907   25.860    1.1118      2.0951
  amp=0.28 N=4: 4000    6.601   22.991   32.595   25.399    1.1094      2.1205
  amp=0.28 N=4: 4100    6.730   23.197   32.305   24.972    1.1072      2.1473
  amp=0.28 N=4: 4200    6.861   23.398   32.036   24.577    1.1052      2.1754
  amp=0.28 N=4: 4300    6.995   23.594   31.785   24.211    1.1033      2.2049
  amp=0.28 N=4: 4400    7.131   23.786   31.553   23.874    1.1016      2.2361
  amp=0.28 N=4: 4500    7.270   23.975   31.337   23.563    1.1000      2.2688
  amp=0.28 N=4: 4600    7.412   24.161   31.137   23.276    1.0985      2.3033
  amp=0.28 N=4: 4700    7.556   24.345   30.951   23.012    1.0972      2.3396
  amp=0.28 N=4: 4800    7.702   24.527   30.780   22.770    1.0959      2.3779
  amp=0.28 N=4: 4900    7.851   24.708   30.623   22.547    1.0947      2.4182
  amp=0.28 N=4: 5000    8.003   24.888   30.478   22.343    1.0937      2.4607

  amp=0.28 N=6: Step    η_1      η_2      η_3      η_4      η_5      η_6      SpecRad   Ω
  amp=0.28 N=6: 100     3.370    3.475  409.163  247.914  166.289  119.343    1.0011      1.6974
  amp=0.28 N=6: 200     3.414    4.297  307.423  232.617  157.033  117.540   65.6390      1.6989
  amp=0.28 N=6: 300     3.459    5.113  228.458  199.297  138.253  109.185   11.6499      1.7007
  amp=0.28 N=6: 400     3.506    5.921  180.670  169.997  122.651   98.953    5.8038      1.7029
  amp=0.28 N=6: 500     3.555    6.718  149.429  147.098  110.589   89.659    3.9867      1.7054
  amp=0.28 N=6: 600     3.606    7.504  127.595  129.317  100.960   81.845    3.1560      1.7083
  amp=0.28 N=6: 700     3.658    8.275  111.551  115.306   92.995   75.384    2.6921      1.7116
  amp=0.28 N=6: 800     3.713    9.030   99.308  104.066   86.244   70.015    2.3991      1.7153
  amp=0.28 N=6: 900     3.770    9.769   89.687   94.892   80.430   65.499    2.1979      1.7193
  amp=0.28 N=6: 1000    3.828   10.489   81.948   87.291   75.371   61.641    2.0509      1.7238
  amp=0.28 N=6: 1100    3.889   11.190   75.606   80.911   70.936   58.297    1.9386      1.7287
  amp=0.28 N=6: 1200    3.951   11.871   70.327   75.493   67.025   55.358    1.8495      1.7340
  amp=0.28 N=6: 1300    4.016   12.530   65.876   70.847   63.559   52.747    1.7770      1.7397
  amp=0.28 N=6: 1400    4.082   13.168   62.081   66.830   60.473   50.406    1.7167      1.7458
  amp=0.28 N=6: 1500    4.151   13.784   58.814   63.330   57.714   48.292    1.6656      1.7525
  amp=0.28 N=6: 1600    4.222   14.377   55.979   60.260   55.239   46.372    1.6218      1.7595
  amp=0.28 N=6: 1700    4.295   14.948   53.501   57.553   53.012   44.623    1.5838      1.7671
  amp=0.28 N=6: 1800    4.370   15.496   51.322   55.154   51.000   43.023    1.5506      1.7752
  amp=0.28 N=6: 1900    4.447   16.022   49.393   53.017   49.179   41.557    1.5214      1.7838
  amp=0.28 N=6: 2000    4.527   16.526   47.679   51.108   47.525   40.213    1.4956      1.7929
  amp=0.28 N=6: 2100    4.608   17.008   46.148   49.394   46.020   38.979    1.4726      1.8026
  amp=0.28 N=6: 2200    4.692   17.469   44.774   47.853   44.647   37.847    1.4521      1.8130
  amp=0.28 N=6: 2300    4.778   17.910   43.538   46.461   43.392   36.807    1.4338      1.8239
  amp=0.28 N=6: 2400    4.866   18.330   42.421   45.203   42.243   35.853    1.4175      1.8354
  amp=0.28 N=6: 2500    4.957   18.732   41.410   44.062   41.189   34.979    1.4028      1.8477
  amp=0.28 N=6: 2600    5.050   19.115   40.491   43.025   40.220   34.179    1.3896      1.8606
  amp=0.28 N=6: 2700    5.145   19.480   39.654   42.082   39.330   33.447    1.3778      1.8744
  amp=0.28 N=6: 2800    5.242   19.829   38.890   41.222   38.509   32.779    1.3671      1.8889
  amp=0.28 N=6: 2900    5.342   20.162   38.192   40.437   37.752   32.168    1.3576      1.9042
  amp=0.28 N=6: 3000    5.444   20.480   37.552   39.721   37.054   31.612    1.3489      1.9205
  amp=0.28 N=6: 3100    5.548   20.783   36.966   39.066   36.409   31.105    1.3412      1.9377
  amp=0.28 N=6: 3200    5.655   21.074   36.427   38.466   35.813   30.643    1.3342      1.9559
  amp=0.28 N=6: 3300    5.764   21.353   35.932   37.918   35.261   30.222    1.3279      1.9752
  amp=0.28 N=6: 3400    5.875   21.620   35.476   37.416   34.750   29.838    1.3222      1.9957
  amp=0.28 N=6: 3500    5.989   21.876   35.057   36.957   34.277   29.487    1.3171      2.0174
  amp=0.28 N=6: 3600    6.105   22.124   34.672   36.536   33.839   29.165    1.3124      2.0405
  amp=0.28 N=6: 3700    6.224   22.362   34.317   36.152   33.433   28.870    1.3081      2.0650
  amp=0.28 N=6: 3800    6.345   22.593   33.991   35.801   33.057   28.596    1.3041      2.0911
  amp=0.28 N=6: 3900    6.468   22.817   33.691   35.480   32.709   28.342    1.3005      2.1190
  amp=0.28 N=6: 4000    6.594   23.034   33.416   35.188   32.385   28.105    1.2971      2.1487
  amp=0.28 N=6: 4100    6.722   23.247   33.165   34.922   32.086   27.881    1.2940      2.1804
  amp=0.28 N=6: 4200    6.852   23.454   32.935   34.681   31.808   27.668    1.2910      2.2144
  amp=0.28 N=6: 4300    6.985   23.658   32.726   34.463   31.550   27.464    1.2881      2.2509
  amp=0.28 N=6: 4400    7.120   23.858   32.536   34.266   31.311   27.268    1.2854      2.2901
  amp=0.28 N=6: 4500    7.258   24.056   32.364   34.089   31.090   27.076    1.2827      2.3324
  amp=0.28 N=6: 4600    7.398   24.252   32.210   33.931   30.885   26.888    1.2801      2.3780
  amp=0.28 N=6: 4700    7.540   24.447   32.072   33.790   30.694   26.703    1.2776      2.4273
  amp=0.28 N=6: 4800    7.685   24.640   31.951   33.666   30.518   26.518    1.2750      2.4808
  amp=0.28 N=6: 4900    7.832   24.834   31.844   33.558   30.355   26.334    1.2725      2.5390
  amp=0.28 N=6: 5000    7.982   25.027   31.752   33.464   30.205   26.150    1.2700      2.6025

  amp=0.28 N=8: Step    η_1      η_2      η_3      η_4      η_5      η_6      η_7      η_8      SpecRad   Ω
  amp=0.28 N=8: 100     3.370    3.475  409.163  247.914  166.289  119.343   89.889    0.000    1.0008      1.6974
  amp=0.28 N=8: 200     3.414    4.297  307.423  232.617  157.033  117.573   89.263    0.000  142.0868      1.6989
  amp=0.28 N=8: 300     3.459    5.113  228.458  199.297  138.253  109.379   85.845   68.056   21.9815      1.7007
  amp=0.28 N=8: 400     3.506    5.921  180.670  169.997  122.652   99.361   80.594   64.834   12.8865      1.7029
  amp=0.28 N=8: 500     3.555    6.718  149.429  147.098  110.593   90.259   74.974   61.456    7.9105      1.7054
  amp=0.28 N=8: 600     3.606    7.504  127.595  129.317  100.966   82.589   69.694   58.335    5.8307      1.7083
  amp=0.28 N=8: 700     3.658    8.275  111.551  115.307   93.005   76.220   64.983   55.499    4.7062      1.7116
  amp=0.28 N=8: 800     3.713    9.030   99.308  104.066   86.257   70.904   60.859   52.880    3.9948      1.7153
  amp=0.28 N=8: 900     3.770    9.769   89.687   94.893   80.449   66.411   57.267   50.423    3.4986      1.7193
  amp=0.28 N=8: 1000    3.828   10.489   81.948   87.292   75.396   62.562   54.131   48.101    3.1309      1.7238
  amp=0.28 N=8: 1100    3.889   11.190   75.606   80.912   70.968   59.219   51.380   45.902    2.8477      1.7287
  amp=0.28 N=8: 1200    3.951   11.871   70.327   75.494   67.064   56.284   48.949   43.824    2.6234      1.7340
  amp=0.28 N=8: 1300    4.016   12.530   65.876   70.849   63.607   53.680   46.787   41.866    2.4421      1.7397
  amp=0.28 N=8: 1400    4.082   13.168   62.081   66.832   60.530   51.352   44.851   40.024    2.2930      1.7458
  amp=0.28 N=8: 1500    4.151   13.784   58.814   63.332   57.782   49.258   43.107   38.294    2.1687      1.7525
  amp=0.28 N=8: 1600    4.222   14.377   55.979   60.263   55.319   47.363   41.529   36.672    2.0638      1.7595
  amp=0.28 N=8: 1700    4.295   14.948   53.501   57.557   53.104   45.643   40.094   35.152    1.9743      1.7671
  amp=0.28 N=8: 1800    4.370   15.496   51.322   55.158   51.107   44.076   38.785   33.729    1.8973      1.7752
  amp=0.28 N=8: 1900    4.447   16.022   49.394   53.022   49.300   42.645   37.588   32.398    1.8305      1.7838
  amp=0.28 N=8: 2000    4.527   16.526   47.679   51.114   47.662   41.335   36.490   31.152    1.7721      1.7929
  amp=0.28 N=8: 2100    4.608   17.008   46.148   49.401   46.174   40.135   35.483   29.988    1.7208      1.8027
  amp=0.28 N=8: 2200    4.692   17.469   44.774   47.861   44.819   39.034   34.556   28.901    1.6755      1.8130
  amp=0.28 N=8: 2300    4.778   17.910   43.538   46.471   43.583   38.025   33.705   27.888    1.6353      1.8239
  amp=0.28 N=8: 2400    4.866   18.330   42.422   45.214   42.454   37.098   32.921   26.945    1.5994      1.8355
  amp=0.28 N=8: 2500    4.957   18.732   41.410   44.074   41.421   36.247   32.200   26.069    1.5669      1.8477
  amp=0.28 N=8: 2600    5.050   19.115   40.491   43.039   40.476   35.468   31.536   25.258    1.5373      1.8607
  amp=0.28 N=8: 2700    5.145   19.480   39.654   42.098   39.609   34.753   30.926   24.509    1.5121      1.8744
  amp=0.28 N=8: 2800    5.242   19.829   38.891   41.240   38.813   34.099   30.366   23.820    1.4934      1.8889
  amp=0.28 N=8: 2900    5.342   20.162   38.193   40.458   38.083   33.502   29.852   23.188    1.4796      1.9043
  amp=0.28 N=8: 3000    5.444   20.480   37.553   39.744   37.412   32.957   29.380   22.611    1.4683      1.9206
  amp=0.28 N=8: 3100    5.548   20.784   36.967   39.092   36.796   32.461   28.948   22.083    1.4582      1.9379
  amp=0.28 N=8: 3200    5.655   21.074   36.428   38.496   36.231   32.011   28.553   21.604    1.4490      1.9561
  amp=0.28 N=8: 3300    5.764   21.353   35.933   37.951   35.711   31.604   28.192   21.167    1.4406      1.9755
  amp=0.28 N=8: 3400    5.875   21.620   35.478   37.453   35.234   31.237   27.863   20.768    1.4331      1.9961
  amp=0.28 N=8: 3500    5.989   21.877   35.059   36.998   34.797   30.907   27.563   20.404    1.4262      2.0180
  amp=0.28 N=8: 3600    6.105   22.124   34.674   36.582   34.397   30.612   27.290   20.067    1.4200      2.0413
  amp=0.28 N=8: 3700    6.224   22.362   34.319   36.203   34.031   30.349   27.042   19.754    1.4145      2.0661
  amp=0.28 N=8: 3800    6.345   22.593   33.994   35.858   33.697   30.116   26.817   19.460    1.4094      2.0926
  amp=0.28 N=8: 3900    6.468   22.817   33.695   35.544   33.393   29.911   26.613   19.179    1.4049      2.1210
  amp=0.28 N=8: 4000    6.594   23.035   33.420   35.259   33.116   29.731   26.428   18.907    1.4009      2.1514
  amp=0.28 N=8: 4100    6.722   23.247   33.170   35.001   32.866   29.575   26.261   18.641    1.3972      2.1840
  amp=0.28 N=8: 4200    6.852   23.455   32.940   34.769   32.641   29.440   26.110   18.377    1.3939      2.2193
  amp=0.28 N=8: 4300    6.985   23.659   32.732   34.561   32.439   29.324   25.974   18.114    1.3910      2.2574
  amp=0.28 N=8: 4400    7.120   23.859   32.543   34.375   32.259   29.226   25.852   17.850    1.3884      2.2988
  amp=0.28 N=8: 4500    7.258   24.057   32.372   34.210   32.100   29.144   25.742   17.585    1.3860      2.3439
  amp=0.28 N=8: 4600    7.398   24.254   32.219   34.064   31.960   29.075   25.643   17.318    1.3839      2.3934
  amp=0.28 N=8: 4700    7.540   24.448   32.083   33.938   31.840   29.019   25.555   17.050    1.3821      2.4479
  amp=0.28 N=8: 4800    7.685   24.642   31.963   33.830   31.737   28.974   25.475   16.782    1.3804      2.5083
  amp=0.28 N=8: 4900    7.832   24.836   31.858   33.739   31.652   28.938   25.405   16.517    1.3789      2.5758
  amp=0.28 N=8: 5000    7.982   25.030   31.768   33.664   31.583   28.909   25.341   16.255    1.3776      2.6516

  amp=0.30 N=4: Step    η_1      η_2      η_3      η_4      SpecRad   Ω
  amp=0.30 N=4: 100     3.608    3.728  409.163  247.914    1.0017      1.9487
  amp=0.30 N=4: 200     3.658    4.672  307.462  232.650   16.1761      1.9506
  amp=0.30 N=4: 300     3.710    5.607  228.547  199.330    5.0822      1.9530
  amp=0.30 N=4: 400     3.764    6.532  180.805  169.936    3.1665      1.9559
  amp=0.30 N=4: 500     3.821    7.443  149.610  146.870    2.4436      1.9592
  amp=0.30 N=4: 600     3.880    8.339  127.819  128.873    2.0742      1.9631
  amp=0.30 N=4: 700     3.942    9.216  111.816  114.611    1.8523      1.9674
  amp=0.30 N=4: 800     4.006   10.073   99.611  103.094    1.7050      1.9722
  amp=0.30 N=4: 900     4.072   10.909   90.028   93.627    1.6004      1.9776
  amp=0.30 N=4: 1000    4.141   11.721   82.325   85.719    1.5223      1.9835
  amp=0.30 N=4: 1100    4.212   12.509   76.017   79.022    1.4620      1.9899
  amp=0.30 N=4: 1200    4.285   13.271   70.770   73.282    1.4139      1.9969
  amp=0.30 N=4: 1300    4.362   14.006   66.348   68.309    1.3748      2.0044
  amp=0.30 N=4: 1400    4.440   14.714   62.581   63.963    1.3423      2.0126
  amp=0.30 N=4: 1500    4.522   15.395   59.340   60.132    1.3149      2.0213
  amp=0.30 N=4: 1600    4.606   16.048   56.529   56.733    1.2915      2.0307
  amp=0.30 N=4: 1700    4.692   16.673   54.073   53.698    1.2713      2.0407
  amp=0.30 N=4: 1800    4.782   17.271   51.913   50.974    1.2538      2.0514
  amp=0.30 N=4: 1900    4.874   17.842   50.002   48.517    1.2383      2.0628
  amp=0.30 N=4: 2000    4.968   18.386   48.303   46.291    1.2246      2.0749
  amp=0.30 N=4: 2100    5.066   18.905   46.786   44.267    1.2125      2.0878
  amp=0.30 N=4: 2200    5.166   19.398   45.424   42.422    1.2016      2.1014
  amp=0.30 N=4: 2300    5.269   19.867   44.197   40.734    1.1918      2.1158
  amp=0.30 N=4: 2400    5.375   20.314   43.088   39.187    1.1830      2.1311
  amp=0.30 N=4: 2500    5.484   20.738   42.082   37.766    1.1750      2.1472
  amp=0.30 N=4: 2600    5.596   21.141   41.168   36.458    1.1677      2.1643
  amp=0.30 N=4: 2700    5.710   21.524   40.333   35.253    1.1611      2.1824
  amp=0.30 N=4: 2800    5.827   21.888   39.570   34.142    1.1550      2.2014
  amp=0.30 N=4: 2900    5.948   22.235   38.871   33.115    1.1495      2.2215
  amp=0.30 N=4: 3000    6.071   22.565   38.229   32.168    1.1445      2.2427
  amp=0.30 N=4: 3100    6.197   22.880   37.638   31.292    1.1398      2.2651
  amp=0.30 N=4: 3200    6.326   23.181   37.094   30.482    1.1356      2.2887
  amp=0.30 N=4: 3300    6.459   23.469   36.592   29.734    1.1317      2.3137
  amp=0.30 N=4: 3400    6.594   23.745   36.129   29.043    1.1281      2.3399
  amp=0.30 N=4: 3500    6.732   24.010   35.700   28.405    1.1248      2.3677
  amp=0.30 N=4: 3600    6.873   24.266   35.304   27.816    1.1217      2.3969
  amp=0.30 N=4: 3700    7.017   24.513   34.938   27.273    1.1189      2.4278
  amp=0.30 N=4: 3800    7.165   24.752   34.599   26.773    1.1163      2.4604
  amp=0.30 N=4: 3900    7.315   24.985   34.286   26.312    1.1140      2.4947
  amp=0.30 N=4: 4000    7.468   25.211   33.996   25.889    1.1118      2.5311
  amp=0.30 N=4: 4100    7.625   25.433   33.728   25.500    1.1098      2.5694
  amp=0.30 N=4: 4200    7.785   25.651   33.481   25.143    1.1079      2.6099
  amp=0.30 N=4: 4300    7.948   25.865   33.253   24.816    1.1062      2.6527
  amp=0.30 N=4: 4400    8.113   26.076   33.044   24.517    1.1047      2.6980
  amp=0.30 N=4: 4500    8.283   26.286   32.852   24.244    1.1032      2.7458
  amp=0.30 N=4: 4600    8.455   26.494   32.676   23.994    1.1019      2.7964
  amp=0.30 N=4: 4700    8.630   26.701   32.515   23.767    1.1007      2.8500
  amp=0.30 N=4: 4800    8.809   26.908   32.370   23.561    1.0996      2.9068
  amp=0.30 N=4: 4900    8.991   27.115   32.238   23.373    1.0986      2.9669
  amp=0.30 N=4: 5000    9.176   27.322   32.119   23.203    1.0977      3.0307

  amp=0.30 N=6: Step    η_1      η_2      η_3      η_4      η_5      η_6      SpecRad   Ω
  amp=0.30 N=6: 100     3.608    3.728  409.163  247.914  166.289  119.343    1.0012      1.9487
  amp=0.30 N=6: 200     3.658    4.672  307.466  232.621  157.159  117.544   65.7643      1.9506
  amp=0.30 N=6: 300     3.710    5.607  228.560  199.316  138.752  109.226   11.6971      1.9530
  amp=0.30 N=6: 400     3.764    6.532  180.831  170.042  123.441   99.074    5.8387      1.9559
  amp=0.30 N=6: 500     3.821    7.443  149.648  147.173  111.500   89.883    4.0171      1.9592
  amp=0.30 N=6: 600     3.880    8.339  127.871  129.428  101.874   82.172    3.1838      1.9631
  amp=0.30 N=6: 700     3.942    9.216  111.883  115.455   93.857   75.799    2.7178      1.9674
  amp=0.30 N=6: 800     4.006   10.073   99.695  104.255   87.037   70.497    2.4228      1.9722
  amp=0.30 N=6: 900     4.072   10.909   90.128   95.124   81.158   66.023    2.2195      1.9776
  amp=0.30 N=6: 1000    4.140   11.721   82.442   87.567   76.046   62.188    2.0706      1.9835
  amp=0.30 N=6: 1100    4.212   12.509   76.152   81.230   71.570   58.851    1.9563      1.9900
  amp=0.30 N=6: 1200    4.285   13.271   70.924   75.858   67.631   55.909    1.8656      1.9970
  amp=0.30 N=6: 1300    4.361   14.006   66.522   71.259   64.148   53.288    1.7916      2.0046
  amp=0.30 N=6: 1400    4.440   14.714   62.775   67.288   61.054   50.934    1.7299      2.0128
  amp=0.30 N=6: 1500    4.521   15.395   59.554   63.834   58.295   48.808    1.6778      2.0216
  amp=0.30 N=6: 1600    4.605   16.048   56.764   60.812   55.825   46.878    1.6331      2.0311
  amp=0.30 N=6: 1700    4.692   16.674   54.330   58.152   53.608   45.122    1.5945      2.0412
  amp=0.30 N=6: 1800    4.781   17.272   52.192   55.799   51.611   43.520    1.5608      2.0521
  amp=0.30 N=6: 1900    4.873   17.843   50.304   53.709   49.808   42.058    1.5313      2.0636
  amp=0.30 N=6: 2000    4.968   18.387   48.628   51.845   48.174   40.722    1.5052      2.0759
  amp=0.30 N=6: 2100    5.065   18.906   47.134   50.178   46.691   39.502    1.4822      2.0891
  amp=0.30 N=6: 2200    5.165   19.400   45.797   48.682   45.342   38.388    1.4618      2.1030
  amp=0.30 N=6: 2300    5.268   19.870   44.595   47.335   44.113   37.373    1.4437      2.1179
  amp=0.30 N=6: 2400    5.374   20.318   43.512   46.121   42.990   36.448    1.4276      2.1336
  amp=0.30 N=6: 2500    5.483   20.743   42.534   45.024   41.963   35.606    1.4133      2.1504
  amp=0.30 N=6: 2600    5.594   21.147   41.647   44.031   41.023   34.841    1.4005      2.1682
  amp=0.30 N=6: 2700    5.708   21.531   40.841   43.130   40.161   34.147    1.3891      2.1871
  amp=0.30 N=6: 2800    5.825   21.897   40.108   42.313   39.369   33.518    1.3789      2.2072
  amp=0.30 N=6: 2900    5.945   22.246   39.439   41.571   38.642   32.949    1.3698      2.2285
  amp=0.30 N=6: 3000    6.068   22.579   38.829   40.896   37.973   32.433    1.3617      2.2512
  amp=0.30 N=6: 3100    6.194   22.897   38.272   40.282   37.358   31.966    1.3544      2.2754
  amp=0.30 N=6: 3200    6.323   23.201   37.762   39.724   36.791   31.543    1.3479      2.3012
  amp=0.30 N=6: 3300    6.454   23.493   37.296   39.216   36.269   31.158    1.3420      2.3286
  amp=0.30 N=6: 3400    6.589   23.773   36.870   38.755   35.789   30.808    1.3367      2.3579
  amp=0.30 N=6: 3500    6.726   24.043   36.480   38.336   35.345   30.486    1.3319      2.3892
  amp=0.30 N=6: 3600    6.867   24.304   36.124   37.955   34.937   30.190    1.3275      2.4226
  amp=0.30 N=6: 3700    7.010   24.557   35.800   37.611   34.560   29.916    1.3234      2.4585
  amp=0.30 N=6: 3800    7.156   24.803   35.504   37.299   34.212   29.659    1.3196      2.4970
  amp=0.30 N=6: 3900    7.306   25.044   35.236   37.019   33.892   29.416    1.3160      2.5384
  amp=0.30 N=6: 4000    7.458   25.279   34.993   36.766   33.596   29.185    1.3127      2.5831
  amp=0.30 N=6: 4100    7.613   25.510   34.774   36.540   33.324   28.963    1.3094      2.6313
  amp=0.30 N=6: 4200    7.771   25.738   34.578   36.338   33.073   28.747    1.3063      2.6836
  amp=0.30 N=6: 4300    7.932   25.963   34.403   36.160   32.842   28.535    1.3033      2.7403
  amp=0.30 N=6: 4400    8.097   26.187   34.249   36.003   32.628   28.327    1.3003      2.8020
  amp=0.30 N=6: 4500    8.264   26.410   34.113   35.866   32.432   28.119    1.2974      2.8694
  amp=0.30 N=6: 4600    8.434   26.632   33.997   35.747   32.252   27.912    1.2945      2.9433
  amp=0.30 N=6: 4700    8.607   26.856   33.898   35.647   32.086   27.704    1.2915      3.0244
  amp=0.30 N=6: 4800    8.783   27.080   33.816   35.563   31.933   27.494    1.2886      3.1139
  amp=0.30 N=6: 4900    8.962   27.306   33.750   35.494   31.793   27.282    1.2857      3.2129
  amp=0.30 N=6: 5000    9.144   27.534   33.701   35.441   31.665   27.067    1.2827      3.3229

  amp=0.30 N=8: Step    η_1      η_2      η_3      η_4      η_5      η_6      η_7      η_8      SpecRad   Ω
  amp=0.30 N=8: 100     3.608    3.728  409.163  247.914  166.289  119.343   89.889    0.000    1.0010      1.9487
  amp=0.30 N=8: 200     3.658    4.672  307.466  232.621  157.160  117.579   89.292    0.000  148.8647      1.9506
  amp=0.30 N=8: 300     3.710    5.607  228.560  199.316  138.753  109.436   85.930   68.103   22.4519      1.9530
  amp=0.30 N=8: 400     3.764    6.532  180.831  170.042  123.443   99.512   80.711   64.978   13.2407      1.9559
  amp=0.30 N=8: 500     3.821    7.443  149.648  147.173  111.504   90.520   75.124   61.710    8.1474      1.9592
  amp=0.30 N=8: 600     3.880    8.339  127.871  129.428  101.881   82.952   69.886   58.669    5.9992      1.9631
  amp=0.30 N=8: 700     3.942    9.216  111.883  115.456   93.868   76.666   65.220   55.861    4.8250      1.9674
  amp=0.30 N=8: 800     4.006   10.073   99.695  104.256   87.053   71.410   61.141   53.228    4.0766      1.9722
  amp=0.30 N=8: 900     4.072   10.909   90.128   95.124   81.181   66.957   57.589   50.731    3.5538      1.9776
  amp=0.30 N=8: 1000    4.140   11.721   82.442   87.568   76.076   63.130   54.488   48.357    3.1676      1.9835
  amp=0.30 N=8: 1100    4.212   12.509   76.152   81.232   71.609   59.799   51.764   46.105    2.8716      1.9900
  amp=0.30 N=8: 1200    4.285   13.271   70.924   75.860   67.679   56.867   49.355   43.976    2.6386      1.9970
  amp=0.30 N=8: 1300    4.361   14.006   66.522   71.261   64.206   54.262   47.209   41.972    2.4513      2.0046
  amp=0.30 N=8: 1400    4.440   14.714   62.775   67.290   61.124   51.932   45.287   40.090    2.2981      2.0128
  amp=0.30 N=8: 1500    4.521   15.395   59.554   63.837   58.378   49.836   43.554   38.326    2.1709      2.0216
  amp=0.30 N=8: 1600    4.605   16.048   56.764   60.816   55.924   47.941   41.986   36.674    2.0640      2.0311
  amp=0.30 N=8: 1700    4.692   16.674   54.330   58.156   53.722   46.223   40.562   35.131    1.9731      2.0412
  amp=0.30 N=8: 1800    4.781   17.272   52.192   55.804   51.742   44.662   39.264   33.689    1.8952      2.0521
  amp=0.30 N=8: 1900    4.873   17.843   50.304   53.716   49.957   43.239   38.080   32.343    1.8279      2.0636
  amp=0.30 N=8: 2000    4.968   18.387   48.628   51.853   48.343   41.942   36.997   31.089    1.7693      2.0759
  amp=0.30 N=8: 2100    5.065   18.906   47.134   50.187   46.881   40.758   36.006   29.923    1.7180      2.0891
  amp=0.30 N=8: 2200    5.165   19.400   45.797   48.692   45.554   39.678   35.098   28.840    1.6729      2.1030
  amp=0.30 N=8: 2300    5.268   19.871   44.596   47.348   44.349   38.691   34.268   27.836    1.6328      2.1179
  amp=0.30 N=8: 2400    5.374   20.318   43.513   46.135   43.251   37.791   33.507   26.910    1.5966      2.1337
  amp=0.30 N=8: 2500    5.483   20.743   42.534   45.040   42.251   36.971   32.812   26.057    1.5648      2.1504
  amp=0.30 N=8: 2600    5.594   21.147   41.647   44.049   41.339   36.225   32.176   25.275    1.5407      2.1683
  amp=0.30 N=8: 2700    5.708   21.531   40.842   43.152   40.506   35.547   31.596   24.561    1.5239      2.1872
  amp=0.30 N=8: 2800    5.825   21.898   40.108   42.338   39.746   34.932   31.067   23.912    1.5104      2.2073
  amp=0.30 N=8: 2900    5.945   22.246   39.440   41.598   39.052   34.376   30.585   23.323    1.4984      2.2287
  amp=0.30 N=8: 3000    6.068   22.579   38.830   40.927   38.419   33.875   30.147   22.789    1.4876      2.2515
  amp=0.30 N=8: 3100    6.194   22.897   38.273   40.318   37.840   33.425   29.749   22.307    1.4779      2.2758
  amp=0.30 N=8: 3200    6.323   23.201   37.764   39.764   37.313   33.022   29.388   21.869    1.4692      2.3017
  amp=0.30 N=8: 3300    6.454   23.493   37.298   39.262   36.832   32.664   29.062   21.470    1.4614      2.3294
  amp=0.30 N=8: 3400    6.589   23.773   36.872   38.806   36.395   32.346   28.767   21.103    1.4543      2.3589
  amp=0.30 N=8: 3500    6.726   24.044   36.483   38.393   35.998   32.066   28.501   20.761    1.4481      2.3906
  amp=0.30 N=8: 3600    6.867   24.305   36.128   38.020   35.639   31.821   28.262   20.439    1.4425      2.4247
  amp=0.30 N=8: 3700    7.010   24.558   35.804   37.684   35.314   31.608   28.047   20.130    1.4375      2.4613
  amp=0.30 N=8: 3800    7.156   24.804   35.509   37.381   35.022   31.424   27.854   19.829    1.4330      2.5009
  amp=0.30 N=8: 3900    7.306   25.044   35.242   37.110   34.761   31.266   27.680   19.532    1.4290      2.5437
  amp=0.30 N=8: 4000    7.458   25.280   35.000   36.869   34.528   31.133   27.525   19.236    1.4255      2.5903
  amp=0.30 N=8: 4100    7.613   25.511   34.782   36.655   34.322   31.021   27.387   18.939    1.4224      2.6412
  amp=0.30 N=8: 4200    7.771   25.739   34.587   36.467   34.142   30.928   27.263   18.641    1.4196      2.6971
  amp=0.30 N=8: 4300    7.933   25.965   34.413   36.303   33.986   30.852   27.154   18.340    1.4171      2.7587
  amp=0.30 N=8: 4400    8.097   26.189   34.260   36.163   33.853   30.791   27.056   18.038    1.4150      2.8272
  amp=0.30 N=8: 4500    8.264   26.412   34.127   36.044   33.741   30.743   26.969   17.737    1.4130      2.9037
  amp=0.30 N=8: 4600    8.434   26.635   34.012   35.946   33.650   30.705   26.892   17.438    1.4114      2.9900
  amp=0.30 N=8: 4700    8.607   26.859   33.915   35.868   33.579   30.677   26.824   17.146    1.4099      3.0882
  amp=0.30 N=8: 4800    8.783   27.083   33.836   35.808   33.527   30.656   26.764   16.862    1.4086      3.2009
  amp=0.30 N=8: 4900    8.962   27.310   33.773   35.767   33.492   30.641   26.710   16.593    1.4074      3.3316
  amp=0.30 N=8: 5000    9.144   27.538   33.726   35.743   33.475   30.631   26.662   16.342    1.4064      3.4847

  amp=0.35 N=4: Step    η_1      η_2      η_3      η_4      SpecRad   Ω
  amp=0.35 N=4: 100     4.202    4.380  409.163  247.914    1.0022      2.6530
  amp=0.35 N=4: 200     4.271    5.662  307.576  232.657   16.1838      2.6565
  amp=0.35 N=4: 300     4.343    6.929  228.816  199.347    5.0841      2.6608
  amp=0.35 N=4: 400     4.419    8.178  181.231  169.956    3.1673      2.6660
  amp=0.35 N=4: 500     4.498    9.403  150.189  146.886    2.4440      2.6722
  amp=0.35 N=4: 600     4.581   10.600  128.549  128.880    2.0743      2.6792
  amp=0.35 N=4: 700     4.668   11.766  112.694  114.608    1.8522      2.6872
  amp=0.35 N=4: 800     4.759   12.897  100.635  103.080    1.7048      2.6961
  amp=0.35 N=4: 900     4.853   13.990   91.193   93.602    1.6001      2.7061
  amp=0.35 N=4: 1000    4.952   15.043   83.628   85.686    1.5220      2.7171
  amp=0.35 N=4: 1100    5.054   16.054   77.453   78.982    1.4616      2.7291
  amp=0.35 N=4: 1200    5.161   17.023   72.334   73.236    1.4135      2.7422
  amp=0.35 N=4: 1300    5.272   17.948   68.036   68.262    1.3744      2.7565
  amp=0.35 N=4: 1400    5.387   18.829   64.387   63.916    1.3419      2.7719
  amp=0.35 N=4: 1500    5.506   19.666   61.260   60.090    1.3146      2.7885
  amp=0.35 N=4: 1600    5.630   20.460   58.557   56.700    1.2913      2.8064
  amp=0.35 N=4: 1700    5.758   21.212   56.205   53.678    1.2712      2.8257
  amp=0.35 N=4: 1800    5.890   21.922   54.143   50.972    1.2537      2.8463
  amp=0.35 N=4: 1900    6.027   22.593   52.326   48.537    1.2384      2.8683
  amp=0.35 N=4: 2000    6.168   23.225   50.716   46.339    1.2249      2.8919
  amp=0.35 N=4: 2100    6.314   23.821   49.282   44.349    1.2130      2.9171
  amp=0.35 N=4: 2200    6.464   24.383   48.001   42.543    1.2023      2.9440
  amp=0.35 N=4: 2300    6.619   24.913   46.852   40.901    1.1927      2.9727
  amp=0.35 N=4: 2400    6.779   25.413   45.816   39.404    1.1842      3.0032
  amp=0.35 N=4: 2500    6.943   25.884   44.881   38.040    1.1765      3.0357
  amp=0.35 N=4: 2600    7.112   26.330   44.035   36.795    1.1696      3.0704
  amp=0.35 N=4: 2700    7.286   26.752   43.266   35.659    1.1633      3.1072
  amp=0.35 N=4: 2800    7.464   27.152   42.568   34.622    1.1576      3.1465
  amp=0.35 N=4: 2900    7.647   27.533   41.931   33.676    1.1525      3.1882
  amp=0.35 N=4: 3000    7.835   27.897   41.351   32.813    1.1479      3.2327
  amp=0.35 N=4: 3100    8.028   28.246   40.822   32.027    1.1437      3.2800
  amp=0.35 N=4: 3200    8.226   28.580   40.338   31.311    1.1399      3.3304
  amp=0.35 N=4: 3300    8.429   28.904   39.897   30.661    1.1364      3.3840
  amp=0.35 N=4: 3400    8.637   29.217   39.494   30.070    1.1333      3.4412
  amp=0.35 N=4: 3500    8.849   29.521   39.127   29.535    1.1305      3.5021
  amp=0.35 N=4: 3600    9.067   29.819   38.793   29.051    1.1279      3.5671
  amp=0.35 N=4: 3700    9.290   30.112   38.490   28.614    1.1256      3.6364
  amp=0.35 N=4: 3800    9.518   30.400   38.214   28.220    1.1235      3.7104
  amp=0.35 N=4: 3900    9.751   30.686   37.966   27.865    1.1216      3.7894
  amp=0.35 N=4: 4000    9.989   30.970   37.743   27.547    1.1199      3.8738
  amp=0.35 N=4: 4100   10.232   31.253   37.543   27.261    1.1184      3.9641
  amp=0.35 N=4: 4200   10.481   31.536   37.365   27.006    1.1170      4.0606
  amp=0.35 N=4: 4300   10.735   31.820   37.208   26.779    1.1158      4.1640
  amp=0.35 N=4: 4400   10.994   32.106   37.071   26.577    1.1147      4.2748
  amp=0.35 N=4: 4500   11.258   32.395   36.953   26.399    1.1137      4.3935
  amp=0.35 N=4: 4600   11.528   32.686   36.852   26.242    1.1128      4.5209
  amp=0.35 N=4: 4700   11.803   32.982   36.768   26.106    1.1121      4.6577
  amp=0.35 N=4: 4800   12.084   33.281   36.700   25.988    1.1114      4.8047
  amp=0.35 N=4: 4900   12.371   33.584   36.647   25.889    1.1108      4.9627
  amp=0.35 N=4: 5000   12.663   33.891   36.608   25.807    1.1103      5.1328

  amp=0.35 N=6: Step    η_1      η_2      η_3      η_4      η_5      η_6      SpecRad   Ω
  amp=0.35 N=6: 100     4.202    4.380  409.163  247.914  166.289  119.343    1.0017      2.6530
  amp=0.35 N=6: 200     4.271    5.662  307.582  232.630  157.492  117.554   66.1421      2.6565
  amp=0.35 N=6: 300     4.343    6.929  228.835  199.370  139.985  109.343   11.8337      2.6608
  amp=0.35 N=6: 400     4.419    8.178  181.266  170.167  125.290   99.411    5.9373      2.6660
  amp=0.35 N=6: 500     4.498    9.403  150.242  147.386  113.543   90.487    4.1011      2.6722
  amp=0.35 N=6: 600     4.581   10.600  128.622  129.741  103.865   83.025    3.2585      2.6792
  amp=0.35 N=6: 700     4.668   11.766  112.789  115.877   95.706   76.848    2.7848      2.6872
  amp=0.35 N=6: 800     4.759   12.897  100.752  104.791   88.734   71.677    2.4828      2.6962
  amp=0.35 N=6: 900     4.853   13.990   91.334   95.779   82.728   67.276    2.2729      2.7062
  amp=0.35 N=6: 1000    4.952   15.043   83.793   88.345   77.523   63.467    2.1179      2.7172
  amp=0.35 N=6: 1100    5.054   16.054   77.644   82.135   72.987   60.125    1.9984      2.7293
  amp=0.35 N=6: 1200    5.161   17.023   72.552   76.890   69.017   57.161    1.9032      2.7425
  amp=0.35 N=6: 1300    5.272   17.948   68.282   72.419   65.527   54.514    1.8254      2.7568
  amp=0.35 N=6: 1400    5.387   18.829   64.662   68.578   62.445   52.136    1.7609      2.7724
  amp=0.35 N=6: 1500    5.506   19.666   61.564   65.255   59.714   49.994    1.7065      2.7893
  amp=0.35 N=6: 1600    5.629   20.461   58.891   62.362   57.285   48.060    1.6602      2.8074
  amp=0.35 N=6: 1700    5.757   21.213   56.570   59.830   55.118   46.315    1.6205      2.8270
  amp=0.35 N=6: 1800    5.889   21.924   54.540   57.606   53.178   44.740    1.5863      2.8481
  amp=0.35 N=6: 1900    6.026   22.595   52.756   55.643   51.438   43.319    1.5567      2.8707
  amp=0.35 N=6: 2000    6.167   23.229   51.181   53.905   49.873   42.040    1.5309      2.8950
  amp=0.35 N=6: 2100    6.312   23.826   49.783   52.362   48.462   40.892    1.5085      2.9210
  amp=0.35 N=6: 2200    6.462   24.390   48.539   50.988   47.188   39.861    1.4889      2.9490
  amp=0.35 N=6: 2300    6.617   24.922   47.428   49.763   46.036   38.940    1.4719      2.9790
  amp=0.35 N=6: 2400    6.776   25.424   46.433   48.669   44.992   38.117    1.4570      3.0112
  amp=0.35 N=6: 2500    6.940   25.898   45.540   47.690   44.046   37.383    1.4439      3.0457
  amp=0.35 N=6: 2600    7.108   26.347   44.737   46.814   43.187   36.728    1.4325      3.0829
  amp=0.35 N=6: 2700    7.281   26.773   44.014   46.029   42.407   36.145    1.4224      3.1228
  amp=0.35 N=6: 2800    7.459   27.179   43.363   45.327   41.698   35.624    1.4136      3.1658
  amp=0.35 N=6: 2900    7.642   27.565   42.777   44.699   41.054   35.157    1.4057      3.2122
  amp=0.35 N=6: 3000    7.829   27.936   42.248   44.137   40.468   34.735    1.3987      3.2624
  amp=0.35 N=6: 3100    8.021   28.291   41.774   43.635   39.934   34.352    1.3924      3.3166
  amp=0.35 N=6: 3200    8.217   28.635   41.348   43.189   39.449   34.001    1.3867      3.3755
  amp=0.35 N=6: 3300    8.419   28.968   40.966   42.792   39.008   33.675    1.3814      3.4394
  amp=0.35 N=6: 3400    8.625   29.292   40.626   42.442   38.606   33.369    1.3765      3.5092
  amp=0.35 N=6: 3500    8.836   29.609   40.325   42.133   38.241   33.078    1.3719      3.5856
  amp=0.35 N=6: 3600    9.052   29.920   40.060   41.863   37.909   32.797    1.3674      3.6693
  amp=0.35 N=6: 3700    9.272   30.228   39.828   41.629   37.608   32.522    1.3631      3.7616
  amp=0.35 N=6: 3800    9.497   30.534   39.628   41.428   37.334   32.252    1.3589      3.8636
  amp=0.35 N=6: 3900    9.727   30.839   39.458   41.258   37.085   31.983    1.3547      3.9768
  amp=0.35 N=6: 4000    9.962   31.144   39.317   41.116   36.860   31.713    1.3506      4.1031
  amp=0.35 N=6: 4100   10.202   31.450   39.203   41.000   36.656   31.441    1.3464      4.2445
  amp=0.35 N=6: 4200   10.446   31.759   39.115   40.910   36.472   31.166    1.3422      4.4038
  amp=0.35 N=6: 4300   10.695   32.071   39.052   40.842   36.305   30.886    1.3380      4.5839
  amp=0.35 N=6: 4400   10.949   32.388   39.014   40.797   36.156   30.601    1.3337      4.7887
  amp=0.35 N=6: 4500   11.208   32.710   38.998   40.772   36.021   30.310    1.3294      5.0229
  amp=0.35 N=6: 4600   11.471   33.037   39.005   40.766   35.901   30.013    1.3251      5.2920
  amp=0.35 N=6: 4700   11.739   33.371   39.035   40.778   35.794   29.710    1.3207      5.6030
  amp=0.35 N=6: 4800   12.012   33.711   39.086   40.808   35.700   29.400    1.3163      5.9643
  amp=0.35 N=6: 4900   12.289   34.058   39.158   40.854   35.617   29.083    1.3118      6.3862
  amp=0.35 N=6: 5000   12.571   34.413   39.250   40.915   35.545   28.761    1.3074      6.8815

  amp=0.35 N=8: Step    η_1      η_2      η_3      η_4      η_5      η_6      η_7      η_8      SpecRad   Ω
  amp=0.35 N=8: 100     4.202    4.380  409.163  247.914  166.289  119.343   89.889    0.000    1.0013      2.6530
  amp=0.35 N=8: 200     4.271    5.662  307.582  232.630  157.492  117.595   89.349   70.002  164.7871      2.6565
  amp=0.35 N=8: 300     4.343    6.929  228.835  199.370  139.987  109.590   86.101   68.224   34.9568      2.6608
  amp=0.35 N=8: 400     4.419    8.178  181.266  170.167  125.293   99.916   80.966   65.336   14.2165      2.6660
  amp=0.35 N=8: 500     4.498    9.403  150.242  147.387  113.549   91.200   75.478   62.309    8.7656      2.6722
  amp=0.35 N=8: 600     4.581   10.600  128.622  129.741  103.877   83.873   70.357   59.402    6.4064      2.6792
  amp=0.35 N=8: 700     4.668   11.766  112.789  115.877   95.724   77.770   65.813   56.605    5.0890      2.6872
  amp=0.35 N=8: 800     4.759   12.897  100.752  104.792   88.760   72.637   61.845   53.899    4.2444      2.6962
  amp=0.35 N=8: 900     4.853   13.990   91.334   95.780   82.764   68.256   58.388   51.289    3.6586      2.7062
  amp=0.35 N=8: 1000    4.952   15.043   83.793   88.347   77.569   64.467   55.364   48.791    3.2319      2.7172
  amp=0.35 N=8: 1100    5.054   16.054   77.644   82.137   73.047   61.151   52.699   46.420    2.9097      2.7293
  amp=0.35 N=8: 1200    5.161   17.023   72.552   76.893   69.093   58.223   50.337   44.184    2.6596      2.7425
  amp=0.35 N=8: 1300    5.272   17.948   68.282   72.423   65.619   55.619   48.229   42.085    2.4611      2.7568
  amp=0.35 N=8: 1400    5.387   18.829   64.662   68.583   62.557   53.291   46.339   40.122    2.3005      2.7724
  amp=0.35 N=8: 1500    5.506   19.666   61.564   65.260   59.847   51.204   44.638   38.292    2.1686      2.7893
  amp=0.35 N=8: 1600    5.629   20.461   58.891   62.369   57.441   49.327   43.104   36.589    2.0587      2.8074
  amp=0.35 N=8: 1700    5.757   21.213   56.570   59.839   55.299   47.636   41.716   35.008    1.9663      2.8270
  amp=0.35 N=8: 1800    5.889   21.924   54.540   57.616   53.387   46.112   40.460   33.546    1.8878      2.8481
  amp=0.35 N=8: 1900    6.026   22.595   52.756   55.655   51.676   44.738   39.324   32.196    1.8208      2.8707
  amp=0.35 N=8: 2000    6.167   23.229   51.181   53.919   50.142   43.500   38.296   30.957    1.7628      2.8950
  amp=0.35 N=8: 2100    6.312   23.827   49.784   52.379   48.765   42.385   37.366   29.824    1.7117      2.9211
  amp=0.35 N=8: 2200    6.462   24.390   48.540   51.008   47.528   41.384   36.527   28.793    1.6692      2.9491
  amp=0.35 N=8: 2300    6.617   24.922   47.429   49.787   46.414   40.487   35.770   27.861    1.6414      2.9791
  amp=0.35 N=8: 2400    6.776   25.424   46.434   48.696   45.412   39.685   35.089   27.023    1.6213      3.0114
  amp=0.35 N=8: 2500    6.940   25.898   45.541   47.722   44.510   38.971   34.478   26.273    1.6038      3.0460
  amp=0.35 N=8: 2600    7.108   26.347   44.738   46.851   43.699   38.339   33.931   25.604    1.5883      3.0833
  amp=0.35 N=8: 2700    7.281   26.774   44.016   46.072   42.969   37.781   33.441   25.007    1.5747      3.1235
  amp=0.35 N=8: 2800    7.459   27.179   43.365   45.377   42.313   37.293   33.005   24.472    1.5626      3.1668
  amp=0.35 N=8: 2900    7.642   27.566   42.779   44.756   41.726   36.867   32.617   23.988    1.5521      3.2137
  amp=0.35 N=8: 3000    7.829   27.936   42.252   44.202   41.201   36.500   32.273   23.544    1.5428      3.2644
  amp=0.35 N=8: 3100    8.021   28.292   41.778   43.710   40.734   36.185   31.969   23.129    1.5347      3.3196
  amp=0.35 N=8: 3200    8.217   28.635   41.353   43.275   40.319   35.918   31.700   22.732    1.5276      3.3798
  amp=0.35 N=8: 3300    8.419   28.968   40.972   42.891   39.953   35.694   31.463   22.346    1.5215      3.4458
  amp=0.35 N=8: 3400    8.625   29.293   40.633   42.554   39.633   35.509   31.255   21.964    1.5161      3.5184
  amp=0.35 N=8: 3500    8.836   29.610   40.333   42.262   39.355   35.358   31.072   21.581    1.5114      3.5987
  amp=0.35 N=8: 3600    9.052   29.922   40.070   42.010   39.116   35.237   30.913   21.195    1.5073      3.6883
  amp=0.35 N=8: 3700    9.272   30.230   39.840   41.796   38.915   35.142   30.774   20.805    1.5038      3.7890
  amp=0.35 N=8: 3800    9.497   30.536   39.642   41.618   38.749   35.068   30.653   20.413    1.5007      3.9030
  amp=0.35 N=8: 3900    9.728   30.842   39.475   41.473   38.616   35.014   30.549   20.022    1.4981      4.0335
  amp=0.35 N=8: 4000    9.962   31.147   39.336   41.360   38.514   34.974   30.458   19.638    1.4958      4.1846
  amp=0.35 N=8: 4100   10.202   31.454   39.226   41.277   38.442   34.947   30.379   19.264    1.4939      4.3618
  amp=0.35 N=8: 4200   10.447   31.764   39.141   41.222   38.397   34.929   30.311   18.911    1.4922      4.5725
  amp=0.35 N=8: 4300   10.696   32.077   39.083   41.195   38.380   34.919   30.251   18.585    1.4907      4.8268
  amp=0.35 N=8: 4400   10.950   32.394   39.049   41.194   38.387   34.914   30.198   18.298    1.4894      5.1384
  amp=0.35 N=8: 4500   11.209   32.717   39.038   41.219   38.418   34.913   30.151   18.060    1.4883      5.5264
  amp=0.35 N=8: 4600   11.472   33.045   39.052   41.268   38.473   34.913   30.108   17.887    1.4873      6.0174
  amp=0.35 N=8: 4700   11.740   33.380   39.088   41.340   38.548   34.914   30.068   17.791    1.4863      6.6484
  amp=0.35 N=8: 4800   12.013   33.721   39.146   41.437   38.644   34.915   30.030   17.788    1.4854      7.4714
  amp=0.35 N=8: 4900   12.291   34.069   39.227   41.556   38.759   34.915   29.992   17.892    1.4845      8.5597
  amp=0.35 N=8: 5000   12.573   34.425   39.329   41.697   38.892   34.914   29.953   18.114    1.4836     10.0172

  amp=0.50 N=4: Step    η_1      η_2      η_3      η_4      SpecRad   Ω
  amp=0.50 N=4: 100     5.994    6.490  409.163  247.914    1.0044      5.4183
  amp=0.50 N=4: 200     6.137    9.087  307.969  232.676   16.2044      5.4312
  amp=0.50 N=4: 300     6.290   11.633  229.775  199.388    5.0883      5.4478
  amp=0.50 N=4: 400     6.454   14.107  182.771  169.990    3.1687      5.4682
  amp=0.50 N=4: 500     6.629   16.494  152.307  146.894    2.4442      5.4925
  amp=0.50 N=4: 600     6.815   18.779  131.233  128.854    2.0739      5.5209
  amp=0.50 N=4: 700     7.013   20.951  115.928  114.546    1.8514      5.5536
  amp=0.50 N=4: 800     7.222   23.003  104.400  102.987    1.7037      5.5907
  amp=0.50 N=4: 900     7.444   24.929   95.466   93.487    1.5989      5.6324
  amp=0.50 N=4: 1000    7.677   26.727   88.386   85.560    1.5208      5.6791
  amp=0.50 N=4: 1100    7.924   28.399   82.671   78.862    1.4606      5.7310
  amp=0.50 N=4: 1200    8.183   29.946   77.986   73.140    1.4128      5.7884
  amp=0.50 N=4: 1300    8.455   31.373   74.097   68.210    1.3740      5.8517
  amp=0.50 N=4: 1400    8.740   32.687   70.832   63.932    1.3421      5.9214
  amp=0.50 N=4: 1500    9.039   33.895   68.065   60.200    1.3154      5.9979
  amp=0.50 N=4: 1600    9.351   35.006   65.700   56.930    1.2928      6.0816
  amp=0.50 N=4: 1700    9.677   36.026   63.666   54.056    1.2737      6.1733
  amp=0.50 N=4: 1800   10.016   36.967   61.904   51.527    1.2573      6.2737
  amp=0.50 N=4: 1900   10.370   37.836   60.372   49.300    1.2432      6.3833
  amp=0.50 N=4: 2000   10.737   38.643   59.034   47.339    1.2310      6.5032
  amp=0.50 N=4: 2100   11.119   39.397   57.862   45.614    1.2205      6.6343
  amp=0.50 N=4: 2200   11.516   40.105   56.834   44.100    1.2115      6.7776
  amp=0.50 N=4: 2300   11.927   40.775   55.932   42.775    1.2036      6.9345
  amp=0.50 N=4: 2400   12.353   41.416   55.141   41.617    1.1969      7.1063
  amp=0.50 N=4: 2500   12.793   42.033   54.448   40.611    1.1911      7.2946
  amp=0.50 N=4: 2600   13.249   42.632   53.845   39.738    1.1860      7.5011
  amp=0.50 N=4: 2700   13.720   43.220   53.321   38.985    1.1817      7.7280
  amp=0.50 N=4: 2800   14.206   43.801   52.871   38.338    1.1781      7.9774
  amp=0.50 N=4: 2900   14.708   44.380   52.487   37.784    1.1749      8.2522
  amp=0.50 N=4: 3000   15.225   44.961   52.165   37.313    1.1722      8.5551
  amp=0.50 N=4: 3100   15.758   45.547   51.900   36.915    1.1700      8.8896
  amp=0.50 N=4: 3200   16.308   46.140   51.687   36.582    1.1681      9.2595
  amp=0.50 N=4: 3300   16.873   46.743   51.522   36.308    1.1665      9.6693
  amp=0.50 N=4: 3400   17.456   47.358   51.403   36.088    1.1652     10.1238
  amp=0.50 N=4: 3500   18.055   47.986   51.325   35.918    1.1642     10.6289
  amp=0.50 N=4: 3600   18.672   48.627   51.285   35.798    1.1634     11.1911
  amp=0.50 N=4: 3700   19.307   49.283   51.281   35.727    1.1630     11.8177
  amp=0.50 N=4: 3800   19.959   49.952   51.309   35.706    1.1628     12.5172
  amp=0.50 N=4: 3900   20.631   50.634   51.367   35.739    1.1629     13.2995
  amp=0.50 N=4: 4000   21.321   51.328   51.452   35.829    1.1634     14.1755
  amp=0.50 N=4: 4100   22.032   52.034   51.562   35.981    1.1642     15.1581
  amp=0.50 N=4: 4200   22.763   52.749   51.693   36.198    1.1654     16.2619
  amp=0.50 N=4: 4300   23.515   53.472   51.843   36.486    1.1671     17.5036
  amp=0.50 N=4: 4400   24.288   54.201   52.011   36.847    1.1692     18.9026
  amp=0.50 N=4: 4500   25.085   54.933   52.195   37.285    1.1717     20.4808
  amp=0.50 N=4: 4600   25.905   55.666   52.391   37.800    1.1747     22.2637
  amp=0.50 N=4: 4700   26.749   56.398   52.598   38.390    1.1781     24.2808
  amp=0.50 N=4: 4800   27.618   57.127   52.815   39.052    1.1820     26.5656
  amp=0.50 N=4: 4900   28.514   57.850   53.041   39.780    1.1862     29.1572
  amp=0.50 N=4: 5000   29.436   58.565   53.273   40.563    1.1908     32.1006

  amp=0.50 N=6: Step    η_1      η_2      η_3      η_4      η_5      η_6      SpecRad   Ω
  amp=0.50 N=6: 100     5.994    6.490  409.163  247.914  166.289  119.343    1.0035      5.4183
  amp=0.50 N=6: 200     6.137    9.087  307.981  232.669  158.536  117.599   67.8354      5.4312
  amp=0.50 N=6: 300     6.290   11.633  229.815  199.586  143.288  109.798   12.3984      5.4478
  amp=0.50 N=6: 400     6.454   14.107  182.846  170.668  129.652  100.614    6.3185      5.4682
  amp=0.50 N=6: 500     6.629   16.494  152.422  148.243  117.992   92.457    4.4017      5.4926
  amp=0.50 N=6: 600     6.815   18.779  131.392  130.999  108.053   85.581    3.5052      5.5211
  amp=0.50 N=6: 700     7.013   20.951  116.136  117.569   99.605   79.756    2.9894      5.5538
  amp=0.50 N=6: 800     7.222   23.003  104.658  106.941   92.432   74.745    2.6536      5.5911
  amp=0.50 N=6: 900     7.443   24.929   95.778   98.402   86.332   70.382    2.4171      5.6332
  amp=0.50 N=6: 1000    7.677   26.728   88.754   91.451   81.129   66.556    2.2419      5.6804
  amp=0.50 N=6: 1100    7.923   28.400   83.098   85.729   76.676   63.193    2.1076      5.7329
  amp=0.50 N=6: 1200    8.182   29.948   78.475   80.975   72.848   60.237    2.0022      5.7913
  amp=0.50 N=6: 1300    8.454   31.377   74.650   76.994   69.547   57.649    1.9182      5.8561
  amp=0.50 N=6: 1400    8.739   32.693   71.453   73.639   66.689   55.392    1.8505      5.9277
  amp=0.50 N=6: 1500    9.037   33.903   68.757   70.797   64.209   53.435    1.7956      6.0068
  amp=0.50 N=6: 1600    9.348   35.017   66.468   68.379   62.050   51.748    1.7508      6.0943
  amp=0.50 N=6: 1700    9.673   36.042   64.513   66.316   60.167   50.302    1.7141      6.1910
  amp=0.50 N=6: 1800   10.011   36.989   62.837   64.554   58.523   49.068    1.6840      6.2981
  amp=0.50 N=6: 1900   10.364   37.867   61.395   63.046   57.085   48.016    1.6592      6.4169
  amp=0.50 N=6: 2000   10.730   38.684   60.153   61.757   55.828   47.118    1.6385      6.5491
  amp=0.50 N=6: 2100   11.110   39.450   59.084   60.656   54.727   46.346    1.6212      6.6965
  amp=0.50 N=6: 2200   11.504   40.173   58.165   59.721   53.765   45.672    1.6064      6.8617
  amp=0.50 N=6: 2300   11.913   40.862   57.381   58.929   52.922   45.074    1.5934      7.0477
  amp=0.50 N=6: 2400   12.335   41.525   56.715   58.265   52.186   44.529    1.5818      7.2583
  amp=0.50 N=6: 2500   12.772   42.168   56.156   57.713   51.544   44.020    1.5712      7.4982
  amp=0.50 N=6: 2600   13.223   42.798   55.695   57.262   50.983   43.532    1.5610      7.7737
  amp=0.50 N=6: 2700   13.688   43.422   55.324   56.900   50.495   43.053    1.5512      8.0925
  amp=0.50 N=6: 2800   14.168   44.045   55.036   56.620   50.072   42.575    1.5416      8.4647
  amp=0.50 N=6: 2900   14.662   44.673   54.826   56.413   49.705   42.090    1.5319      8.9034
  amp=0.50 N=6: 3000   15.170   45.308   54.688   56.273   49.388   41.594    1.5221      9.4260
  amp=0.50 N=6: 3100   15.693   45.956   54.620   56.193   49.116   41.084    1.5122     10.0552
  amp=0.50 N=6: 3200   16.229   46.620   54.617   56.169   48.885   40.558    1.5022     10.8210
  amp=0.50 N=6: 3300   16.780   47.301   54.678   56.197   48.690   40.014    1.4919     11.7637
  amp=0.50 N=6: 3400   17.345   48.002   54.801   56.272   48.528   39.453    1.4815     12.9372
  amp=0.50 N=6: 3500   17.923   48.725   54.983   56.391   48.396   38.872    1.4710     14.4139
  amp=0.50 N=6: 3600   18.516   49.469   55.224   56.552   48.291   38.273    1.4604     16.2917
  amp=0.50 N=6: 3700   19.122   50.235   55.522   56.751   48.213   37.654    1.4498     18.7036
  amp=0.50 N=6: 3800   19.741   51.022   55.879   56.987   48.158   37.016    1.4394     21.8303
  amp=0.50 N=6: 3900   20.373   51.827   56.293   57.259   48.126   36.358    1.4292     25.9185
  amp=0.50 N=6: 4000   21.017   52.649   56.765   57.563   48.115   35.682    1.4195     31.3061
  amp=0.50 N=6: 4100   21.674   53.484   57.296   57.899   48.126   34.986    1.4110     38.4570
  amp=0.50 N=6: 4200   22.341   54.327   57.886   58.265   48.156   34.272    1.4052     48.0103
  amp=0.50 N=6: 4300   23.020   55.174   58.536   58.661   48.207   33.542    1.4024     60.8487
  amp=0.50 N=6: 4400   23.708   56.019   59.247   59.085   48.277   32.799    1.4017     78.1955
  amp=0.50 N=6: 4500   24.405   56.854   60.018   59.537   48.368   32.046    1.4022    101.7520
  amp=0.50 N=6: 4600   25.110   57.673   60.852   60.016   48.480   31.290    1.4034    133.8925
  amp=0.50 N=6: 4700   25.821   58.466   61.749   60.521   48.614   30.544    1.4049    177.9446
  amp=0.50 N=6: 4800   26.537   59.226   62.709   61.053   48.772   29.822    1.4068    238.5917
  amp=0.50 N=6: 4900   27.258   59.943   63.734   61.611   48.957   29.148    1.4091    322.4584
  amp=0.50 N=6: 5000   27.982   60.609   64.826   62.197   49.170   28.556    1.4117    438.9642

  amp=0.50 N=8: Step    η_1      η_2      η_3      η_4      η_5      η_6      η_7      η_8      SpecRad   Ω
  amp=0.50 N=8: 100     5.994    6.490  409.163  247.914  166.289  119.343   89.889    0.000    1.0029      5.4183
  amp=0.50 N=8: 200     6.137    9.087  307.981  232.669  158.536  117.659   89.452   70.031  203.5132      5.4312
  amp=0.50 N=8: 300     6.290   11.633  229.815  199.587  143.291  110.143   86.441   68.592   42.9183      5.4478
  amp=0.50 N=8: 400     6.454   14.107  182.846  170.669  129.660  101.258   81.599   66.280   17.6350      5.4682
  amp=0.50 N=8: 500     6.629   16.494  152.422  148.244  118.009   93.296   76.482   63.626   10.5199      5.4926
  amp=0.50 N=8: 600     6.815   18.779  131.392  131.000  108.083   86.530   71.748   60.755    7.3239      5.5211
  amp=0.50 N=8: 700     7.013   20.951  116.136  117.571   99.653   80.781   67.550   57.772    5.5667      5.5538
  amp=0.50 N=8: 800     7.222   23.003  104.658  106.944   92.503   75.848   63.866   54.787    4.4887      5.5911
  amp=0.50 N=8: 900     7.443   24.929   95.779   98.406   86.431   71.577   60.632   51.881    3.7769      5.6332
  amp=0.50 N=8: 1000    7.677   26.728   88.755   91.457   81.262   67.858   57.786   49.109    3.2806      5.6804
  amp=0.50 N=8: 1100    7.923   28.400   83.098   85.737   76.848   64.609   55.275   46.502    2.9198      5.7329
  amp=0.50 N=8: 1200    8.182   29.948   78.475   80.986   73.065   61.768   53.060   44.079    2.6489      5.7914
  amp=0.50 N=8: 1300    8.454   31.377   74.651   77.008   69.815   59.285   51.107   41.850    2.4407      5.8561
  amp=0.50 N=8: 1400    8.739   32.693   71.454   73.657   67.014   57.120   49.390   39.822    2.2778      5.9278
  amp=0.50 N=8: 1500    9.037   33.903   68.758   70.820   64.596   55.239   47.885   38.001    2.1473      6.0070
  amp=0.50 N=8: 1600    9.348   35.017   66.469   68.408   62.507   53.615   46.573   36.388    2.0511      6.0946
  amp=0.50 N=8: 1700    9.673   36.043   64.515   66.353   60.701   52.220   45.435   34.979    1.9989      6.1915
  amp=0.50 N=8: 1800   10.011   36.990   62.838   64.599   59.141   51.035   44.454   33.764    1.9563      6.2990
  amp=0.50 N=8: 1900   10.364   37.867   61.397   63.102   57.796   50.037   43.613   32.721    1.9208      6.4184
  amp=0.50 N=8: 2000   10.730   38.684   60.156   61.826   56.641   49.209   42.896   31.823    1.8915      6.5516
  amp=0.50 N=8: 2100   11.110   39.450   59.088   60.742   55.653   48.532   42.289   31.035    1.8674      6.7009
  amp=0.50 N=8: 2200   11.504   40.174   58.172   59.825   54.814   47.988   41.778   30.318    1.8476      6.8693
  amp=0.50 N=8: 2300   11.913   40.863   57.389   59.056   54.109   47.562   41.351   29.640    1.8313      7.0606
  amp=0.50 N=8: 2400   12.335   41.526   56.725   58.418   53.525   47.235   40.995   28.973    1.8180      7.2802
  amp=0.50 N=8: 2500   12.772   42.170   56.169   57.899   53.051   46.994   40.702   28.300    1.8072      7.5354
  amp=0.50 N=8: 2600   13.223   42.801   55.712   57.486   52.677   46.823   40.461   27.617    1.7984      7.8365
  amp=0.50 N=8: 2700   13.689   43.426   55.345   57.170   52.395   46.708   40.265   26.924    1.7913      8.1985
  amp=0.50 N=8: 2800   14.168   44.050   55.063   56.944   52.198   46.637   40.106   26.236    1.7855      8.6436
  amp=0.50 N=8: 2900   14.662   44.679   54.859   56.800   52.080   46.598   39.977   25.573    1.7809      9.2055
  amp=0.50 N=8: 3000   15.171   45.316   54.729   56.734   52.035   46.583   39.873   24.962    1.7772      9.9363
  amp=0.50 N=8: 3100   15.694   45.965   54.670   56.741   52.058   46.582   39.787   24.440    1.7742     10.9177
  amp=0.50 N=8: 3200   16.230   46.631   54.679   56.817   52.145   46.589   39.714   24.052    1.7716     12.2804
  amp=0.50 N=8: 3300   16.782   47.314   54.754   56.960   52.290   46.599   39.650   23.849    1.7694     14.2352
  amp=0.50 N=8: 3400   17.347   48.018   54.892   57.169   52.489   46.609   39.589   23.889    1.7672     17.1264
  amp=0.50 N=8: 3500   17.926   48.743   55.093   57.440   52.737   46.617   39.528   24.219    1.7651     21.5206
  amp=0.50 N=8: 3600   18.519   49.489   55.356   57.774   53.030   46.621   39.464   24.868    1.7629     28.3559
  amp=0.50 N=8: 3700   19.126   50.258   55.681   58.169   53.362   46.622   39.396   25.819    1.7605     39.1945
  amp=0.50 N=8: 3800   19.745   51.047   56.070   58.626   53.730   46.622   39.321   27.004    1.7579     56.6474
  amp=0.50 N=8: 3900   20.378   51.855   56.523   59.145   54.127   46.623   39.241   28.305    1.7552     85.0922
  amp=0.50 N=8: 4000   21.022   52.680   57.042   59.726   54.549   46.626   39.155   29.587    1.7523    131.8863
  amp=0.50 N=8: 4100   21.678   53.521   57.632   60.369   54.991   46.635   39.066   30.738    1.7492    209.4194
  amp=0.50 N=8: 4200   22.342   54.374   58.296   61.075   55.448   46.654   38.975   31.692    1.7512    338.5909
  amp=0.50 N=8: 4300   23.013   55.239   59.041   61.844   55.915   46.685   38.886   32.430    1.8122    554.7126
  amp=0.50 N=8: 4400   23.686   56.116   59.875   62.678   56.389   46.733   38.802   32.971    1.8558    917.5502
  amp=0.50 N=8: 4500   24.354   57.008   60.812   63.576   56.866   46.800   38.727   33.349    1.8771   1528.4545
  amp=0.50 N=8: 4600   25.008   57.924   61.866   64.541   57.342   46.890   38.665   33.600    1.8904   2559.6952
  amp=0.50 N=8: 4700   25.631   58.878   63.065   65.575   57.816   47.005   38.620   33.755    1.8985   4304.9033
  amp=0.50 N=8: 4800   26.199   59.899   64.443   66.683   58.287   47.147   38.597   33.835    1.9027   7266.2537
  amp=0.50 N=8: 4900   26.676   61.030   66.054   67.871   58.753   47.319   38.601   33.849    1.9033  12306.0245
  amp=0.50 N=8: 5000   27.011   62.336   67.979   69.152   59.215   47.520   38.634   33.793    1.9000  20911.8155

