############################################################
#  ADAPTIVE N: No fixed truncation boundary                #
#                                                          #
#  N_active grows when cascade approaches the boundary.   #
#  No wall = no reflection = no artefact.                  #
#                                                          #
#  Does N_active stabilise? If yes: cascade absorbed.     #
#  N_start=3, N_ceiling=14, buffer=2, ε=1e-06          #
############################################################

  === ν=0.010, A=0.1 ===

  Step    Time     N     Modes   Energy        Enstrophy     E_top       E_top/E     Action  
  ------  -------  ----  ------  ----------    ----------    --------    --------    --------
  100      0.0100  4     256         0.244786      1.156726    3.93e-02    1.61e-01  EXPAND→4
  500      0.0500  4     256         0.243854      1.151674    2.61e-09    1.07e-08  
  1000     0.1000  4     256         0.242706      1.147454    6.57e-08    2.71e-07  
  1200     0.1200  4     256         0.242247      1.146368    1.45e-07    6.00e-07  STABLE(11)
  1300     0.1300  4     256         0.242018      1.145949    2.05e-07    8.46e-07  STABLE(12)
  1400     0.1400  5     514         0.241789      1.145610    2.80e-07    1.16e-06  EXPAND→5
  1500     0.1500  5     514         0.238989      1.122212    2.80e-11    1.17e-10  
  2000     0.2000  5     514         0.237870      1.117330    3.58e-08    1.50e-07  
  2400     0.2400  6     924         0.236978      1.115459    2.67e-07    1.12e-06  EXPAND→6
  2500     0.2500  6     924         0.235191      1.099378    2.39e-12    1.01e-11  
  3000     0.3000  6     924         0.234095      1.094664    3.03e-09    1.29e-08  
  3500     0.3500  6     924         0.233002      1.092800    3.26e-08    1.40e-07  STABLE(11)
  3600     0.3600  6     924         0.232784      1.092758    4.57e-08    1.96e-07  STABLE(12)
  3700     0.3700  6     924         0.232565      1.092823    6.22e-08    2.67e-07  STABLE(13)
  3800     0.3800  6     924         0.232347      1.092995    8.27e-08    3.56e-07  STABLE(14)
  3900     0.3900  6     924         0.232129      1.093273    1.08e-07    4.64e-07  STABLE(15)
  4000     0.4000  6     924         0.231910      1.093655    1.38e-07    5.93e-07  STABLE(16)
  4100     0.4100  6     924         0.231691      1.094140    1.73e-07    7.47e-07  STABLE(17)
  4200     0.4200  6     924         0.231473      1.094728    2.15e-07    9.28e-07  STABLE(18)
  4300     0.4300  7     1418        0.231254      1.095416    2.63e-07    1.14e-06  EXPAND→7
  4500     0.4500  7     1418        0.225752      1.045195    1.50e-11    6.63e-11  
  5000     0.5000  7     1418        0.224710      1.041102    2.20e-09    9.77e-09  
  5400     0.5400  7     1418        0.223878      1.039650    1.32e-08    5.88e-08  STABLE(11)
  5500     0.5500  7     1418        0.223670      1.039533    1.86e-08    8.31e-08  STABLE(12)
  5600     0.5600  7     1418        0.223463      1.039512    2.55e-08    1.14e-07  STABLE(13)
  5700     0.5700  7     1418        0.223255      1.039587    3.43e-08    1.53e-07  STABLE(14)
  5800     0.5800  7     1418        0.223047      1.039756    4.51e-08    2.02e-07  STABLE(15)
  5900     0.5900  7     1418        0.222839      1.040018    5.82e-08    2.61e-07  STABLE(16)
  6000     0.6000  7     1418        0.222631      1.040374    7.41e-08    3.33e-07  STABLE(17)
  6100     0.6100  7     1418        0.222423      1.040821    9.30e-08    4.18e-07  STABLE(18)
  6200     0.6200  7     1418        0.222215      1.041358    1.15e-07    5.19e-07  STABLE(19)
  6300     0.6300  7     1418        0.222007      1.041986    1.42e-07    6.38e-07  STABLE(20)
  6400     0.6400  7     1418        0.221799      1.042702    1.72e-07    7.76e-07  STABLE(21)
  6500     0.6500  7     1418        0.221590      1.043507    2.07e-07    9.36e-07  STABLE(22)
  6600     0.6600  8     2108        0.221381      1.044398    2.48e-07    1.12e-06  EXPAND→8
  7000     0.7000  8     2108        0.214500      0.984140    8.72e-11    4.06e-10  
  7500     0.7500  8     2108        0.213518      0.980954    2.12e-09    9.94e-09  
  7700     0.7700  8     2108        0.213126      0.980292    4.63e-09    2.17e-08  STABLE(11)
  7800     0.7800  8     2108        0.212930      0.980089    6.49e-09    3.05e-08  STABLE(12)
  7900     0.7900  8     2108        0.212734      0.979970    8.83e-09    4.15e-08  STABLE(13)
  8000     0.8000  8     2108        0.212538      0.979934    1.17e-08    5.53e-08  STABLE(14)
  8100     0.8100  8     2108        0.212342      0.979980    1.53e-08    7.20e-08  STABLE(15)
  8200     0.8200  8     2108        0.212146      0.980109    1.96e-08    9.22e-08  STABLE(16)
  8300     0.8300  8     2108        0.211950      0.980317    2.46e-08    1.16e-07  STABLE(17)
  8400     0.8400  8     2108        0.211754      0.980606    3.06e-08    1.44e-07  STABLE(18)
  8500     0.8500  8     2108        0.211558      0.980974    3.75e-08    1.77e-07  STABLE(19)
  8600     0.8600  8     2108        0.211362      0.981420    4.55e-08    2.15e-07  STABLE(20)
  8700     0.8700  8     2108        0.211166      0.981943    5.46e-08    2.59e-07  STABLE(21)
  8800     0.8800  8     2108        0.210970      0.982543    6.49e-08    3.08e-07  STABLE(22)
  8900     0.8900  8     2108        0.210773      0.983218    7.66e-08    3.63e-07  STABLE(23)
  9000     0.9000  8     2108        0.210577      0.983968    8.96e-08    4.26e-07  STABLE(24)
  9100     0.9100  8     2108        0.210380      0.984791    1.04e-07    4.95e-07  STABLE(25)
  9200     0.9200  8     2108        0.210183      0.985688    1.20e-07    5.72e-07  STABLE(26)
  9300     0.9300  8     2108        0.209986      0.986657    1.38e-07    6.57e-07  STABLE(27)
  9400     0.9400  8     2108        0.209788      0.987697    1.57e-07    7.50e-07  STABLE(28)
  9500     0.9500  8     2108        0.209591      0.988807    1.78e-07    8.52e-07  STABLE(29)
  9600     0.9600  8     2108        0.209393      0.989986    2.02e-07    9.62e-07  STABLE(30)
  9700     0.9700  9     3070        0.209195      0.991234    2.26e-07    1.08e-06  EXPAND→9
  10000    1.0000  9     3070        0.200044      0.910099    7.82e-11    3.91e-10  
  10500    1.0500  9     3070        0.199136      0.906319    3.66e-09    1.84e-08  
  10800    1.0800  9     3070        0.198593      0.904925    1.24e-08    6.25e-08  STABLE(11)
  10900    1.0900  9     3070        0.198412      0.904602    1.72e-08    8.69e-08  STABLE(12)
  11000    1.1000  9     3070        0.198232      0.904348    2.33e-08    1.18e-07  STABLE(13)
  11100    1.1100  9     3070        0.198051      0.904162    3.07e-08    1.55e-07  STABLE(14)
  11200    1.1200  9     3070        0.197870      0.904044    3.97e-08    2.01e-07  STABLE(15)
  11300    1.1300  9     3070        0.197689      0.903993    5.03e-08    2.55e-07  STABLE(16)
  11400    1.1400  9     3070        0.197509      0.904008    6.28e-08    3.18e-07  STABLE(17)
  11500    1.1500  9     3070        0.197328      0.904089    7.73e-08    3.92e-07  STABLE(18)
  11600    1.1600  9     3070        0.197147      0.904235    9.39e-08    4.77e-07  STABLE(19)
  11700    1.1700  9     3070        0.196966      0.904444    1.13e-07    5.73e-07  STABLE(20)
  11800    1.1800  9     3070        0.196785      0.904717    1.34e-07    6.82e-07  STABLE(21)
  11900    1.1900  9     3070        0.196605      0.905052    1.58e-07    8.04e-07  STABLE(22)
  12000    1.2000  9     3070        0.196424      0.905449    1.85e-07    9.40e-07  STABLE(23)
  12100    1.2100  10    4168        0.196243      0.905907    2.14e-07    1.09e-06  EXPAND→10
  12500    1.2500  10    4168        0.191477      0.864874    2.29e-11    1.20e-10  
  13000    1.3000  10    4168        0.190614      0.861411    5.36e-10    2.81e-09  
  13200    1.3200  10    4168        0.190270      0.860479    1.15e-09    6.05e-09  STABLE(11)
  13300    1.3300  10    4168        0.190098      0.860107    1.60e-09    8.40e-09  STABLE(12)
  13400    1.3400  10    4168        0.189926      0.859796    2.16e-09    1.13e-08  STABLE(13)
  13500    1.3500  10    4168        0.189754      0.859547    2.84e-09    1.50e-08  STABLE(14)
  13600    1.3600  10    4168        0.189582      0.859359    3.66e-09    1.93e-08  STABLE(15)
  13700    1.3700  10    4168        0.189411      0.859230    4.64e-09    2.45e-08  STABLE(16)
  13800    1.3800  10    4168        0.189239      0.859160    5.79e-09    3.06e-08  STABLE(17)
  13900    1.3900  10    4168        0.189067      0.859149    7.12e-09    3.77e-08  STABLE(18)
  14000    1.4000  10    4168        0.188895      0.859195    8.65e-09    4.58e-08  STABLE(19)
  14100    1.4100  10    4168        0.188724      0.859298    1.04e-08    5.51e-08  STABLE(20)
  14200    1.4200  10    4168        0.188552      0.859458    1.24e-08    6.55e-08  STABLE(21)
  14300    1.4300  10    4168        0.188380      0.859674    1.46e-08    7.73e-08  STABLE(22)
  14400    1.4400  10    4168        0.188208      0.859944    1.70e-08    9.03e-08  STABLE(23)
  14500    1.4500  10    4168        0.188036      0.860269    1.97e-08    1.05e-07  STABLE(24)
  14600    1.4600  10    4168        0.187864      0.860648    2.27e-08    1.21e-07  STABLE(25)
  14700    1.4700  10    4168        0.187692      0.861079    2.60e-08    1.38e-07  STABLE(26)
  14800    1.4800  10    4168        0.187520      0.861563    2.95e-08    1.57e-07  STABLE(27)
  14900    1.4900  10    4168        0.187347      0.862099    3.34e-08    1.78e-07  STABLE(28)
  15000    1.5000  10    4168        0.187175      0.862686    3.76e-08    2.01e-07  STABLE(29)
  15100    1.5100  10    4168        0.187002      0.863323    4.21e-08    2.25e-07  STABLE(30)
  15200    1.5200  10    4168        0.186830      0.864009    4.69e-08    2.51e-07  STABLE(31)
  15300    1.5300  10    4168        0.186657      0.864745    5.21e-08    2.79e-07  STABLE(32)
  15400    1.5400  10    4168        0.186484      0.865529    5.76e-08    3.09e-07  STABLE(33)
  15500    1.5500  10    4168        0.186311      0.866361    6.35e-08    3.41e-07  STABLE(34)
  15600    1.5600  10    4168        0.186138      0.867239    6.98e-08    3.75e-07  STABLE(35)
  15700    1.5700  10    4168        0.185964      0.868164    7.65e-08    4.11e-07  STABLE(36)
  15800    1.5800  10    4168        0.185790      0.869134    8.36e-08    4.50e-07  STABLE(37)
  15900    1.5900  10    4168        0.185617      0.870149    9.11e-08    4.91e-07  STABLE(38)
  16000    1.6000  10    4168        0.185443      0.871209    9.91e-08    5.34e-07  STABLE(39)
  16100    1.6100  10    4168        0.185268      0.872312    1.07e-07    5.80e-07  STABLE(40)
  16200    1.6200  10    4168        0.185094      0.873457    1.16e-07    6.28e-07  STABLE(41)
  16300    1.6300  10    4168        0.184919      0.874645    1.26e-07    6.80e-07  STABLE(42)
  16400    1.6400  10    4168        0.184744      0.875874    1.36e-07    7.34e-07  STABLE(43)
  16500    1.6500  10    4168        0.184569      0.877144    1.46e-07    7.90e-07  STABLE(44)
  16600    1.6600  10    4168        0.184393      0.878453    1.57e-07    8.50e-07  STABLE(45)
  16700    1.6700  10    4168        0.184218      0.879802    1.68e-07    9.14e-07  STABLE(46)
  16800    1.6800  10    4168        0.184042      0.881190    1.80e-07    9.80e-07  STABLE(47)
  16900    1.6900  11    5574        0.183865      0.882615    1.93e-07    1.05e-06  EXPAND→11
  17000    1.7000  11    5574        0.171434      0.771694    1.69e-13    9.85e-13  
  17500    1.7500  11    5574        0.170665      0.767063    1.97e-10    1.15e-09  
  18000    1.8000  11    5574        0.169900      0.763682    1.92e-09    1.13e-08  STABLE(11)
  18100    1.8100  11    5574        0.169747      0.763149    2.63e-09    1.55e-08  STABLE(12)
  18200    1.8200  11    5574        0.169595      0.762662    3.51e-09    2.07e-08  STABLE(13)
  18300    1.8300  11    5574        0.169442      0.762220    4.56e-09    2.69e-08  STABLE(14)
  18400    1.8400  11    5574        0.169290      0.761823    5.81e-09    3.43e-08  STABLE(15)
  18500    1.8500  11    5574        0.169138      0.761470    7.26e-09    4.29e-08  STABLE(16)
  18600    1.8600  11    5574        0.168985      0.761162    8.92e-09    5.28e-08  STABLE(17)
  18700    1.8700  11    5574        0.168833      0.760896    1.08e-08    6.40e-08  STABLE(18)
  18800    1.8800  11    5574        0.168681      0.760673    1.29e-08    7.66e-08  STABLE(19)
  18900    1.8900  11    5574        0.168529      0.760491    1.53e-08    9.06e-08  STABLE(20)
  19000    1.9000  11    5574        0.168377      0.760352    1.78e-08    1.06e-07  STABLE(21)
  19100    1.9100  11    5574        0.168225      0.760253    2.07e-08    1.23e-07  STABLE(22)
  19200    1.9200  11    5574        0.168073      0.760194    2.37e-08    1.41e-07  STABLE(23)
  19300    1.9300  11    5574        0.167921      0.760175    2.70e-08    1.61e-07  STABLE(24)
  19400    1.9400  11    5574        0.167769      0.760196    3.05e-08    1.82e-07  STABLE(25)
  19500    1.9500  11    5574        0.167617      0.760255    3.42e-08    2.04e-07  STABLE(26)
  19600    1.9600  11    5574        0.167465      0.760352    3.81e-08    2.28e-07  STABLE(27)
  19700    1.9700  11    5574        0.167313      0.760486    4.23e-08    2.53e-07  STABLE(28)
  19800    1.9800  11    5574        0.167161      0.760658    4.66e-08    2.79e-07  STABLE(29)
  19900    1.9900  11    5574        0.167009      0.760867    5.12e-08    3.06e-07  STABLE(30)
  20000    2.0000  11    5574        0.166857      0.761111    5.58e-08    3.35e-07  STABLE(31)
  20100    2.0100  11    5574        0.166704      0.761391    6.07e-08    3.64e-07  STABLE(32)
  20200    2.0200  11    5574        0.166552      0.761705    6.57e-08    3.95e-07  STABLE(33)
  20300    2.0300  11    5574        0.166400      0.762055    7.09e-08    4.26e-07  STABLE(34)
  20400    2.0400  11    5574        0.166247      0.762438    7.62e-08    4.58e-07  STABLE(35)
  20500    2.0500  11    5574        0.166095      0.762854    8.16e-08    4.91e-07  STABLE(36)
  20600    2.0600  11    5574        0.165942      0.763304    8.72e-08    5.25e-07  STABLE(37)
  20700    2.0700  11    5574        0.165790      0.763786    9.28e-08    5.60e-07  STABLE(38)
  20800    2.0800  11    5574        0.165637      0.764300    9.85e-08    5.95e-07  STABLE(39)
  20900    2.0900  11    5574        0.165484      0.764845    1.04e-07    6.31e-07  STABLE(40)
  21000    2.1000  11    5574        0.165331      0.765421    1.10e-07    6.67e-07  STABLE(41)
  21100    2.1100  11    5574        0.165178      0.766028    1.16e-07    7.04e-07  STABLE(42)
  21200    2.1200  11    5574        0.165025      0.766664    1.22e-07    7.41e-07  STABLE(43)
  21300    2.1300  11    5574        0.164871      0.767330    1.28e-07    7.79e-07  STABLE(44)
  21400    2.1400  11    5574        0.164718      0.768025    1.35e-07    8.17e-07  STABLE(45)
  21500    2.1500  11    5574        0.164564      0.768748    1.41e-07    8.55e-07  STABLE(46)
  21600    2.1600  11    5574        0.164410      0.769499    1.47e-07    8.94e-07  STABLE(47)
  21700    2.1700  11    5574        0.164256      0.770277    1.53e-07    9.34e-07  STABLE(48)
  21800    2.1800  11    5574        0.164102      0.771083    1.60e-07    9.73e-07  STABLE(49)
  21900    2.1900  12    7152        0.163948      0.771914    1.66e-07    1.01e-06  EXPAND→12
  22000    2.2000  12    7152        0.154949      0.690333    6.30e-14    4.07e-13  
  22500    2.2500  12    7152        0.154261      0.685765    7.20e-11    4.66e-10  
  23000    2.3000  12    7152        0.153578      0.682172    6.88e-10    4.48e-09  STABLE(11)
  23100    2.3100  12    7152        0.153441      0.681565    9.39e-10    6.12e-09  STABLE(12)
  23200    2.3200  12    7152        0.153305      0.680993    1.25e-09    8.12e-09  STABLE(13)
  23300    2.3300  12    7152        0.153169      0.680457    1.61e-09    1.05e-08  STABLE(14)
  23400    2.3400  12    7152        0.153033      0.679955    2.04e-09    1.33e-08  STABLE(15)
  23500    2.3500  12    7152        0.152897      0.679488    2.54e-09    1.66e-08  STABLE(16)
  23600    2.3600  12    7152        0.152761      0.679054    3.11e-09    2.03e-08  STABLE(17)
  23700    2.3700  12    7152        0.152625      0.678654    3.75e-09    2.45e-08  STABLE(18)
  23800    2.3800  12    7152        0.152490      0.678287    4.46e-09    2.92e-08  STABLE(19)
  23900    2.3900  12    7152        0.152354      0.677952    5.24e-09    3.44e-08  STABLE(20)
  24000    2.4000  12    7152        0.152219      0.677650    6.09e-09    4.00e-08  STABLE(21)
  24100    2.4100  12    7152        0.152083      0.677378    7.02e-09    4.61e-08  STABLE(22)
  24200    2.4200  12    7152        0.151948      0.677138    8.01e-09    5.27e-08  STABLE(23)
  24300    2.4300  12    7152        0.151812      0.676929    9.06e-09    5.97e-08  STABLE(24)
  24400    2.4400  12    7152        0.151677      0.676749    1.02e-08    6.71e-08  STABLE(25)
  24500    2.4500  12    7152        0.151542      0.676599    1.14e-08    7.50e-08  STABLE(26)
  24600    2.4600  12    7152        0.151406      0.676479    1.26e-08    8.32e-08  STABLE(27)
  24700    2.4700  12    7152        0.151271      0.676388    1.39e-08    9.17e-08  STABLE(28)
  24800    2.4800  12    7152        0.151136      0.676325    1.52e-08    1.01e-07  STABLE(29)
  24900    2.4900  12    7152        0.151001      0.676290    1.66e-08    1.10e-07  STABLE(30)
  25000    2.5000  12    7152        0.150865      0.676282    1.80e-08    1.19e-07  STABLE(31)
  25100    2.5100  12    7152        0.150730      0.676302    1.94e-08    1.29e-07  STABLE(32)
  25200    2.5200  12    7152        0.150595      0.676349    2.08e-08    1.38e-07  STABLE(33)
  25300    2.5300  12    7152        0.150460      0.676422    2.23e-08    1.48e-07  STABLE(34)
  25400    2.5400  12    7152        0.150324      0.676521    2.38e-08    1.58e-07  STABLE(35)
  25500    2.5500  12    7152        0.150189      0.676646    2.53e-08    1.68e-07  STABLE(36)
  25600    2.5600  12    7152        0.150054      0.676796    2.68e-08    1.78e-07  STABLE(37)
  25700    2.5700  12    7152        0.149919      0.676971    2.83e-08    1.89e-07  STABLE(38)
  25800    2.5800  12    7152        0.149783      0.677170    2.97e-08    1.99e-07  STABLE(39)
  25900    2.5900  12    7152        0.149648      0.677393    3.12e-08    2.09e-07  STABLE(40)
  26000    2.6000  12    7152        0.149512      0.677640    3.27e-08    2.19e-07  STABLE(41)
  26100    2.6100  12    7152        0.149377      0.677910    3.41e-08    2.28e-07  STABLE(42)
  26200    2.6200  12    7152        0.149241      0.678203    3.55e-08    2.38e-07  STABLE(43)
  26300    2.6300  12    7152        0.149105      0.678519    3.69e-08    2.48e-07  STABLE(44)
  26400    2.6400  12    7152        0.148970      0.678857    3.83e-08    2.57e-07  STABLE(45)
  26500    2.6500  12    7152        0.148834      0.679216    3.96e-08    2.66e-07  STABLE(46)
  26600    2.6600  12    7152        0.148698      0.679597    4.09e-08    2.75e-07  STABLE(47)
  26700    2.6700  12    7152        0.148562      0.679999    4.22e-08    2.84e-07  STABLE(48)
  26800    2.6800  12    7152        0.148426      0.680421    4.34e-08    2.93e-07  STABLE(49)
  26900    2.6900  12    7152        0.148290      0.680864    4.46e-08    3.01e-07  STABLE(50)
  27000    2.7000  12    7152        0.148154      0.681327    4.58e-08    3.09e-07  STABLE(51)
  27100    2.7100  12    7152        0.148018      0.681809    4.69e-08    3.17e-07  STABLE(52)
  27200    2.7200  12    7152        0.147881      0.682310    4.80e-08    3.25e-07  STABLE(53)
  27300    2.7300  12    7152        0.147745      0.682830    4.91e-08    3.32e-07  STABLE(54)
  27400    2.7400  12    7152        0.147608      0.683369    5.01e-08    3.39e-07  STABLE(55)
  27500    2.7500  12    7152        0.147472      0.683925    5.10e-08    3.46e-07  STABLE(56)
  27600    2.7600  12    7152        0.147335      0.684499    5.20e-08    3.53e-07  STABLE(57)
  27700    2.7700  12    7152        0.147198      0.685091    5.29e-08    3.59e-07  STABLE(58)
  27800    2.7800  12    7152        0.147061      0.685699    5.38e-08    3.66e-07  STABLE(59)
  27900    2.7900  12    7152        0.146924      0.686324    5.46e-08    3.72e-07  STABLE(60)
  28000    2.8000  12    7152        0.146786      0.686966    5.54e-08    3.78e-07  STABLE(61)
  28100    2.8100  12    7152        0.146649      0.687623    5.62e-08    3.83e-07  STABLE(62)
  28200    2.8200  12    7152        0.146511      0.688296    5.70e-08    3.89e-07  STABLE(63)
  28300    2.8300  12    7152        0.146374      0.688984    5.77e-08    3.94e-07  STABLE(64)
  28400    2.8400  12    7152        0.146236      0.689686    5.84e-08    3.99e-07  STABLE(65)
  28500    2.8500  12    7152        0.146098      0.690404    5.91e-08    4.04e-07  STABLE(66)
  28600    2.8600  12    7152        0.145960      0.691135    5.97e-08    4.09e-07  STABLE(67)
  28700    2.8700  12    7152        0.145821      0.691880    6.04e-08    4.14e-07  STABLE(68)
  28800    2.8800  12    7152        0.145683      0.692639    6.10e-08    4.19e-07  STABLE(69)
  28900    2.8900  12    7152        0.145544      0.693411    6.16e-08    4.23e-07  STABLE(70)
  29000    2.9000  12    7152        0.145406      0.694195    6.22e-08    4.28e-07  STABLE(71)
  29100    2.9100  12    7152        0.145267      0.694992    6.28e-08    4.32e-07  STABLE(72)
  29200    2.9200  12    7152        0.145128      0.695801    6.34e-08    4.37e-07  STABLE(73)
  29300    2.9300  12    7152        0.144988      0.696622    6.40e-08    4.41e-07  STABLE(74)
  29400    2.9400  12    7152        0.144849      0.697454    6.46e-08    4.46e-07  STABLE(75)
  29500    2.9500  12    7152        0.144710      0.698297    6.52e-08    4.50e-07  STABLE(76)
  29600    2.9600  12    7152        0.144570      0.699151    6.58e-08    4.55e-07  STABLE(77)
  29700    2.9700  12    7152        0.144430      0.700015    6.64e-08    4.60e-07  STABLE(78)
  29800    2.9800  12    7152        0.144290      0.700890    6.70e-08    4.64e-07  STABLE(79)
  29900    2.9900  12    7152        0.144150      0.701774    6.76e-08    4.69e-07  STABLE(80)
  30000    3.0000  12    7152        0.144009      0.702667    6.83e-08    4.74e-07  STABLE(81)
  30100    3.0100  12    7152        0.143869      0.703570    6.90e-08    4.79e-07  STABLE(82)
  30200    3.0200  12    7152        0.143728      0.704482    6.97e-08    4.85e-07  STABLE(83)
  30300    3.0300  12    7152        0.143587      0.705402    7.05e-08    4.91e-07  STABLE(84)
  30400    3.0400  12    7152        0.143446      0.706330    7.12e-08    4.97e-07  STABLE(85)
  30500    3.0500  12    7152        0.143304      0.707265    7.21e-08    5.03e-07  STABLE(86)
  30600    3.0600  12    7152        0.143163      0.708209    7.30e-08    5.10e-07  STABLE(87)
  30700    3.0700  12    7152        0.143021      0.709160    7.39e-08    5.17e-07  STABLE(88)
  30800    3.0800  12    7152        0.142879      0.710117    7.49e-08    5.24e-07  STABLE(89)
  30900    3.0900  12    7152        0.142737      0.711081    7.60e-08    5.32e-07  STABLE(90)
  31000    3.1000  12    7152        0.142595      0.712052    7.71e-08    5.41e-07  STABLE(91)
  31100    3.1100  12    7152        0.142452      0.713028    7.84e-08    5.50e-07  STABLE(92)
  31200    3.1200  12    7152        0.142310      0.714010    7.97e-08    5.60e-07  STABLE(93)
  31300    3.1300  12    7152        0.142167      0.714997    8.11e-08    5.70e-07  STABLE(94)
  31400    3.1400  12    7152        0.142024      0.715990    8.26e-08    5.82e-07  STABLE(95)
  31500    3.1500  12    7152        0.141881      0.716987    8.42e-08    5.94e-07  STABLE(96)
  31600    3.1600  12    7152        0.141737      0.717989    8.60e-08    6.07e-07  STABLE(97)
  31700    3.1700  12    7152        0.141593      0.718995    8.78e-08    6.20e-07  STABLE(98)
  31800    3.1800  12    7152        0.141450      0.720004    8.98e-08    6.35e-07  STABLE(99)
  31900    3.1900  12    7152        0.141306      0.721018    9.19e-08    6.51e-07  STABLE(100)
  32000    3.2000  12    7152        0.141161      0.722035    9.42e-08    6.67e-07  STABLE(101)
  32100    3.2100  12    7152        0.141017      0.723055    9.66e-08    6.85e-07  STABLE(102)
  32200    3.2200  12    7152        0.140872      0.724077    9.92e-08    7.04e-07  STABLE(103)
  32300    3.2300  12    7152        0.140727      0.725102    1.02e-07    7.25e-07  STABLE(104)
  32400    3.2400  12    7152        0.140582      0.726130    1.05e-07    7.46e-07  STABLE(105)
  32500    3.2500  12    7152        0.140437      0.727159    1.08e-07    7.69e-07  STABLE(106)
  32600    3.2600  12    7152        0.140291      0.728190    1.11e-07    7.93e-07  STABLE(107)
  32700    3.2700  12    7152        0.140146      0.729222    1.15e-07    8.19e-07  STABLE(108)
  32800    3.2800  12    7152        0.140000      0.730256    1.18e-07    8.46e-07  STABLE(109)
  32900    3.2900  12    7152        0.139854      0.731290    1.22e-07    8.74e-07  STABLE(110)
  33000    3.3000  12    7152        0.139707      0.732325    1.26e-07    9.04e-07  STABLE(111)
  33100    3.3100  12    7152        0.139561      0.733361    1.31e-07    9.35e-07  STABLE(112)
  33200    3.3200  12    7152        0.139414      0.734396    1.35e-07    9.68e-07  STABLE(113)
  33300    3.3300  13    9170        0.139267      0.735432    1.40e-07    1.00e-06  EXPAND→13
  33500    3.3500  13    9170        0.115831      0.526214    5.93e-12    5.12e-11  
  34000    3.4000  13    9170        0.115308      0.521122    7.53e-10    6.53e-09  
  34400    3.4400  13    9170        0.114893      0.517467    3.93e-09    3.42e-08  STABLE(11)
  34500    3.4500  13    9170        0.114789      0.516607    5.33e-09    4.65e-08  STABLE(12)
  34600    3.4600  13    9170        0.114686      0.515768    7.04e-09    6.14e-08  STABLE(13)
  34700    3.4700  13    9170        0.114583      0.514950    9.07e-09    7.91e-08  STABLE(14)
  34800    3.4800  13    9170        0.114480      0.514151    1.14e-08    9.98e-08  STABLE(15)
  34900    3.4900  13    9170        0.114377      0.513373    1.41e-08    1.24e-07  STABLE(16)
  35000    3.5000  13    9170        0.114275      0.512613    1.72e-08    1.51e-07  STABLE(17)
  35100    3.5100  13    9170        0.114172      0.511873    2.06e-08    1.81e-07  STABLE(18)
  35200    3.5200  13    9170        0.114070      0.511151    2.44e-08    2.14e-07  STABLE(19)
  35300    3.5300  13    9170        0.113968      0.510447    2.86e-08    2.51e-07  STABLE(20)
  35400    3.5400  13    9170        0.113866      0.509761    3.31e-08    2.90e-07  STABLE(21)
  35500    3.5500  13    9170        0.113764      0.509093    3.79e-08    3.33e-07  STABLE(22)
  35600    3.5600  13    9170        0.113662      0.508442    4.30e-08    3.78e-07  STABLE(23)
  35700    3.5700  13    9170        0.113561      0.507807    4.84e-08    4.26e-07  STABLE(24)
  35800    3.5800  13    9170        0.113459      0.507190    5.41e-08    4.77e-07  STABLE(25)
  35900    3.5900  13    9170        0.113358      0.506589    6.01e-08    5.30e-07  STABLE(26)
  36000    3.6000  13    9170        0.113256      0.506003    6.63e-08    5.85e-07  STABLE(27)
  36100    3.6100  13    9170        0.113155      0.505434    7.27e-08    6.42e-07  STABLE(28)
  36200    3.6200  13    9170        0.113054      0.504880    7.92e-08    7.01e-07  STABLE(29)
  36300    3.6300  13    9170        0.112953      0.504341    8.59e-08    7.60e-07  STABLE(30)
  36400    3.6400  13    9170        0.112853      0.503817    9.27e-08    8.21e-07  STABLE(31)
  36500    3.6500  13    9170        0.112752      0.503308    9.96e-08    8.83e-07  STABLE(32)
  36600    3.6600  13    9170        0.112651      0.502813    1.07e-07    9.46e-07  STABLE(33)
  36700    3.6700  14    11512       0.112551      0.502332    1.14e-07    1.01e-06  EXPAND→14
  37000    3.7000  14    11512       0.111069      0.485605    1.15e-12    1.03e-11  
  37500    3.7500  14    11512       0.110586      0.481415    4.77e-11    4.31e-10  
  37800    3.7800  14    11512       0.110297      0.479114    1.50e-10    1.36e-09  STABLE(11)
  37900    3.7900  14    11512       0.110201      0.478381    2.03e-10    1.84e-09  STABLE(12)
  38000    3.8000  14    11512       0.110106      0.477664    2.66e-10    2.42e-09  STABLE(13)
  38100    3.8100  14    11512       0.110010      0.476963    3.42e-10    3.11e-09  STABLE(14)
  38200    3.8200  14    11512       0.109915      0.476278    4.30e-10    3.91e-09  STABLE(15)
  38300    3.8300  14    11512       0.109819      0.475609    5.31e-10    4.83e-09  STABLE(16)
  38400    3.8400  14    11512       0.109724      0.474955    6.44e-10    5.87e-09  STABLE(17)
  38500    3.8500  14    11512       0.109629      0.474317    7.71e-10    7.03e-09  STABLE(18)
  38600    3.8600  14    11512       0.109534      0.473693    9.11e-10    8.32e-09  STABLE(19)
  38700    3.8700  14    11512       0.109439      0.473085    1.06e-09    9.73e-09  STABLE(20)
  38800    3.8800  14    11512       0.109344      0.472490    1.23e-09    1.13e-08  STABLE(21)
  38900    3.8900  14    11512       0.109250      0.471910    1.41e-09    1.29e-08  STABLE(22)
  39000    3.9000  14    11512       0.109155      0.471344    1.60e-09    1.47e-08  STABLE(23)
  39100    3.9100  14    11512       0.109061      0.470792    1.80e-09    1.65e-08  STABLE(24)
  39200    3.9200  14    11512       0.108967      0.470253    2.02e-09    1.85e-08  STABLE(25)
  39300    3.9300  14    11512       0.108872      0.469728    2.24e-09    2.06e-08  STABLE(26)
  39400    3.9400  14    11512       0.108778      0.469216    2.48e-09    2.28e-08  STABLE(27)
  39500    3.9500  14    11512       0.108684      0.468717    2.72e-09    2.51e-08  STABLE(28)
  39600    3.9600  14    11512       0.108590      0.468231    2.98e-09    2.74e-08  STABLE(29)
  39700    3.9700  14    11512       0.108496      0.467757    3.24e-09    2.99e-08  STABLE(30)
  39800    3.9800  14    11512       0.108403      0.467296    3.51e-09    3.24e-08  STABLE(31)
  39900    3.9900  14    11512       0.108309      0.466847    3.79e-09    3.50e-08  STABLE(32)
  40000    4.0000  14    11512       0.108215      0.466410    4.07e-09    3.76e-08  STABLE(33)
  40100    4.0100  14    11512       0.108122      0.465985    4.36e-09    4.03e-08  STABLE(34)
  40200    4.0200  14    11512       0.108028      0.465572    4.66e-09    4.31e-08  STABLE(35)
  40300    4.0300  14    11512       0.107935      0.465170    4.96e-09    4.59e-08  STABLE(36)
  40400    4.0400  14    11512       0.107842      0.464779    5.26e-09    4.88e-08  STABLE(37)
  40500    4.0500  14    11512       0.107748      0.464400    5.57e-09    5.17e-08  STABLE(38)
  40600    4.0600  14    11512       0.107655      0.464031    5.88e-09    5.46e-08  STABLE(39)
  40700    4.0700  14    11512       0.107562      0.463674    6.19e-09    5.75e-08  STABLE(40)
  40800    4.0800  14    11512       0.107469      0.463327    6.50e-09    6.05e-08  STABLE(41)
  40900    4.0900  14    11512       0.107376      0.462990    6.82e-09    6.35e-08  STABLE(42)
  41000    4.1000  14    11512       0.107283      0.462664    7.14e-09    6.65e-08  STABLE(43)
  41100    4.1100  14    11512       0.107191      0.462348    7.46e-09    6.96e-08  STABLE(44)
  41200    4.1200  14    11512       0.107098      0.462042    7.77e-09    7.26e-08  STABLE(45)
  41300    4.1300  14    11512       0.107005      0.461746    8.09e-09    7.56e-08  STABLE(46)
  41400    4.1400  14    11512       0.106912      0.461460    8.41e-09    7.87e-08  STABLE(47)
  41500    4.1500  14    11512       0.106820      0.461183    8.73e-09    8.17e-08  STABLE(48)
  41600    4.1600  14    11512       0.106727      0.460916    9.05e-09    8.48e-08  STABLE(49)
  41700    4.1700  14    11512       0.106635      0.460658    9.36e-09    8.78e-08  STABLE(50)
  41800    4.1800  14    11512       0.106542      0.460409    9.68e-09    9.08e-08  STABLE(51)
  41900    4.1900  14    11512       0.106450      0.460169    9.99e-09    9.38e-08  STABLE(52)
  42000    4.2000  14    11512       0.106357      0.459937    1.03e-08    9.69e-08  STABLE(53)
  42100    4.2100  14    11512       0.106265      0.459715    1.06e-08    9.99e-08  STABLE(54)
  42200    4.2200  14    11512       0.106173      0.459501    1.09e-08    1.03e-07  STABLE(55)
  42300    4.2300  14    11512       0.106080      0.459295    1.12e-08    1.06e-07  STABLE(56)
  42400    4.2400  14    11512       0.105988      0.459098    1.15e-08    1.09e-07  STABLE(57)
  42500    4.2500  14    11512       0.105896      0.458909    1.18e-08    1.12e-07  STABLE(58)
  42600    4.2600  14    11512       0.105804      0.458728    1.21e-08    1.15e-07  STABLE(59)
  42700    4.2700  14    11512       0.105712      0.458555    1.24e-08    1.18e-07  STABLE(60)
  42800    4.2800  14    11512       0.105620      0.458390    1.27e-08    1.21e-07  STABLE(61)
  42900    4.2900  14    11512       0.105528      0.458232    1.30e-08    1.24e-07  STABLE(62)
  43000    4.3000  14    11512       0.105436      0.458082    1.33e-08    1.26e-07  STABLE(63)
  43100    4.3100  14    11512       0.105344      0.457939    1.36e-08    1.29e-07  STABLE(64)
  43200    4.3200  14    11512       0.105252      0.457803    1.39e-08    1.32e-07  STABLE(65)
  43300    4.3300  14    11512       0.105160      0.457675    1.42e-08    1.35e-07  STABLE(66)
  43400    4.3400  14    11512       0.105068      0.457554    1.45e-08    1.38e-07  STABLE(67)
  43500    4.3500  14    11512       0.104976      0.457439    1.48e-08    1.41e-07  STABLE(68)
  43600    4.3600  14    11512       0.104884      0.457332    1.51e-08    1.44e-07  STABLE(69)
  43700    4.3700  14    11512       0.104792      0.457231    1.54e-08    1.47e-07  STABLE(70)
  43800    4.3800  14    11512       0.104700      0.457136    1.57e-08    1.50e-07  STABLE(71)
  43900    4.3900  14    11512       0.104608      0.457048    1.59e-08    1.52e-07  STABLE(72)
  44000    4.4000  14    11512       0.104516      0.456967    1.62e-08    1.55e-07  STABLE(73)
  44100    4.4100  14    11512       0.104425      0.456891    1.65e-08    1.58e-07  STABLE(74)
  44200    4.4200  14    11512       0.104333      0.456822    1.68e-08    1.61e-07  STABLE(75)
  44300    4.4300  14    11512       0.104241      0.456759    1.71e-08    1.64e-07  STABLE(76)
  44400    4.4400  14    11512       0.104149      0.456701    1.74e-08    1.67e-07  STABLE(77)
  44500    4.4500  14    11512       0.104058      0.456650    1.76e-08    1.69e-07  STABLE(78)
  44600    4.4600  14    11512       0.103966      0.456604    1.79e-08    1.72e-07  STABLE(79)
  44700    4.4700  14    11512       0.103874      0.456563    1.82e-08    1.75e-07  STABLE(80)
  44800    4.4800  14    11512       0.103782      0.456528    1.85e-08    1.78e-07  STABLE(81)
  44900    4.4900  14    11512       0.103691      0.456499    1.88e-08    1.81e-07  STABLE(82)
  45000    4.5000  14    11512       0.103599      0.456475    1.90e-08    1.84e-07  STABLE(83)
  45100    4.5100  14    11512       0.103507      0.456455    1.93e-08    1.87e-07  STABLE(84)
  45200    4.5200  14    11512       0.103415      0.456441    1.96e-08    1.89e-07  STABLE(85)
  45300    4.5300  14    11512       0.103324      0.456432    1.99e-08    1.92e-07  STABLE(86)
  45400    4.5400  14    11512       0.103232      0.456428    2.01e-08    1.95e-07  STABLE(87)
  45500    4.5500  14    11512       0.103140      0.456429    2.04e-08    1.98e-07  STABLE(88)
  45600    4.5600  14    11512       0.103049      0.456434    2.07e-08    2.01e-07  STABLE(89)
  45700    4.5700  14    11512       0.102957      0.456444    2.10e-08    2.04e-07  STABLE(90)
  45800    4.5800  14    11512       0.102865      0.456458    2.12e-08    2.06e-07  STABLE(91)
  45900    4.5900  14    11512       0.102773      0.456477    2.15e-08    2.09e-07  STABLE(92)
  46000    4.6000  14    11512       0.102682      0.456500    2.18e-08    2.12e-07  STABLE(93)
  46100    4.6100  14    11512       0.102590      0.456527    2.21e-08    2.15e-07  STABLE(94)
  46200    4.6200  14    11512       0.102498      0.456558    2.23e-08    2.18e-07  STABLE(95)
  46300    4.6300  14    11512       0.102406      0.456593    2.26e-08    2.21e-07  STABLE(96)
  46400    4.6400  14    11512       0.102315      0.456632    2.29e-08    2.24e-07  STABLE(97)
  46500    4.6500  14    11512       0.102223      0.456675    2.31e-08    2.26e-07  STABLE(98)
  46600    4.6600  14    11512       0.102131      0.456722    2.34e-08    2.29e-07  STABLE(99)
  46700    4.6700  14    11512       0.102039      0.456773    2.37e-08    2.32e-07  STABLE(100)
  46800    4.6800  14    11512       0.101948      0.456827    2.40e-08    2.35e-07  STABLE(101)
  46900    4.6900  14    11512       0.101856      0.456884    2.42e-08    2.38e-07  STABLE(102)
  47000    4.7000  14    11512       0.101764      0.456945    2.45e-08    2.41e-07  STABLE(103)
  47100    4.7100  14    11512       0.101672      0.457009    2.48e-08    2.44e-07  STABLE(104)
  47200    4.7200  14    11512       0.101580      0.457077    2.51e-08    2.47e-07  STABLE(105)
  47300    4.7300  14    11512       0.101489      0.457147    2.53e-08    2.50e-07  STABLE(106)
  47400    4.7400  14    11512       0.101397      0.457221    2.56e-08    2.53e-07  STABLE(107)
  47500    4.7500  14    11512       0.101305      0.457298    2.59e-08    2.56e-07  STABLE(108)
  47600    4.7600  14    11512       0.101213      0.457377    2.62e-08    2.58e-07  STABLE(109)
  47700    4.7700  14    11512       0.101121      0.457460    2.64e-08    2.61e-07  STABLE(110)
  47800    4.7800  14    11512       0.101029      0.457545    2.67e-08    2.64e-07  STABLE(111)
  47900    4.7900  14    11512       0.100937      0.457633    2.70e-08    2.67e-07  STABLE(112)
  48000    4.8000  14    11512       0.100845      0.457723    2.73e-08    2.70e-07  STABLE(113)
  48100    4.8100  14    11512       0.100753      0.457816    2.76e-08    2.73e-07  STABLE(114)
  48200    4.8200  14    11512       0.100661      0.457911    2.78e-08    2.77e-07  STABLE(115)
  48300    4.8300  14    11512       0.100569      0.458009    2.81e-08    2.80e-07  STABLE(116)
  48400    4.8400  14    11512       0.100477      0.458109    2.84e-08    2.83e-07  STABLE(117)
  48500    4.8500  14    11512       0.100385      0.458211    2.87e-08    2.86e-07  STABLE(118)
  48600    4.8600  14    11512       0.100293      0.458316    2.90e-08    2.89e-07  STABLE(119)
  48700    4.8700  14    11512       0.100201      0.458422    2.93e-08    2.92e-07  STABLE(120)
  48800    4.8800  14    11512       0.100109      0.458531    2.96e-08    2.95e-07  STABLE(121)
  48900    4.8900  14    11512       0.100017      0.458641    2.99e-08    2.99e-07  STABLE(122)
  49000    4.9000  14    11512       0.099925      0.458753    3.02e-08    3.02e-07  STABLE(123)
  49100    4.9100  14    11512       0.099833      0.458867    3.05e-08    3.05e-07  STABLE(124)
  49200    4.9200  14    11512       0.099741      0.458983    3.08e-08    3.08e-07  STABLE(125)
  49300    4.9300  14    11512       0.099648      0.459101    3.11e-08    3.12e-07  STABLE(126)
  49400    4.9400  14    11512       0.099556      0.459220    3.14e-08    3.15e-07  STABLE(127)
  49500    4.9500  14    11512       0.099464      0.459340    3.17e-08    3.19e-07  STABLE(128)
  49600    4.9600  14    11512       0.099372      0.459462    3.20e-08    3.22e-07  STABLE(129)
  49700    4.9700  14    11512       0.099279      0.459585    3.23e-08    3.26e-07  STABLE(130)
  49800    4.9800  14    11512       0.099187      0.459710    3.26e-08    3.29e-07  STABLE(131)
  49900    4.9900  14    11512       0.099095      0.459836    3.30e-08    3.33e-07  STABLE(132)
  50000    5.0000  14    11512       0.099002      0.459963    3.33e-08    3.36e-07  STABLE(133)

  SUMMARY: max_N_reached=14, expansions=11, final_N=14, stable_for=133 samples
  → HIT CEILING at 14. Need higher ceiling to determine if stable.

  === ν=0.010, A=0.3 ===

  Step    Time     N     Modes   Energy        Enstrophy     E_top       E_top/E     Action  
  ------  -------  ----  ------  ----------    ----------    --------    --------    --------
  100      0.0100  4     256         2.203083     10.411519    3.54e-01    1.61e-01  EXPAND→4
  500      0.0500  4     256         2.194049     10.413454    1.88e-06    8.55e-07  
  600      0.0600  5     514         2.191977     10.432669    4.53e-06    2.07e-06  EXPAND→5
  1000     0.1000  6     924         2.152775     10.191097    4.96e-06    2.30e-06  EXPAND→6
  1500     0.1500  6     924         2.122440     10.055920    1.04e-06    4.88e-07  
  1700     0.1700  7     1418        2.118426     10.143729    3.78e-06    1.78e-06  EXPAND→7
  2000     0.2000  7     1418        2.056489      9.617636    7.49e-08    3.64e-08  
  2400     0.2400  8     2108        2.048796      9.740586    2.25e-06    1.10e-06  EXPAND→8
  2500     0.2500  8     2108        1.999869      9.295648    2.72e-10    1.36e-10  
  3000     0.3000  8     2108        1.990594      9.375540    3.33e-07    1.67e-07  
  3400     0.3400  9     3070        1.983056      9.576594    2.35e-06    1.19e-06  EXPAND→9
  3500     0.3500  9     3070        1.901818      8.836252    9.24e-10    4.86e-10  
  4000     0.4000  9     3070        1.892999      8.899117    1.04e-06    5.52e-07  
  4200     0.4200  10    4168        1.889439      8.970937    3.02e-06    1.60e-06  EXPAND→10
  4500     0.4500  10    4168        1.842829      8.578916    7.75e-09    4.20e-09  
  5000     0.5000  10    4168        1.834234      8.695233    3.32e-07    1.81e-07  
  5300     0.5300  10    4168        1.828996      8.837030    1.05e-06    5.74e-07  STABLE(11)
  5400     0.5400  10    4168        1.827229      8.895830    1.43e-06    7.83e-07  STABLE(12)
  5500     0.5500  11    5574        1.825449      8.960252    1.90e-06    1.04e-06  EXPAND→11
  6000     0.6000  11    5574        1.726710      8.123929    8.28e-08    4.80e-08  
  6500     0.6500  11    5574        1.718549      8.263759    8.69e-07    5.05e-07  
  6600     0.6600  11    5574        1.716897      8.306576    1.16e-06    6.73e-07  STABLE(11)
  6700     0.6700  11    5574        1.715236      8.354171    1.49e-06    8.67e-07  STABLE(12)
  6800     0.6800  12    7152        1.713564      8.406469    1.86e-06    1.09e-06  EXPAND→12
  7000     0.7000  12    7152        1.640447      7.720074    1.50e-09    9.14e-10  
  7500     0.7500  12    7152        1.632731      7.766110    1.59e-07    9.71e-08  
  7900     0.7900  12    7152        1.626491      7.882866    6.34e-07    3.90e-07  STABLE(11)
  8000     0.8000  12    7152        1.624914      7.922583    7.97e-07    4.91e-07  STABLE(12)
  8100     0.8100  12    7152        1.623329      7.966373    9.72e-07    5.99e-07  STABLE(13)
  8200     0.8200  12    7152        1.621735      8.014162    1.15e-06    7.11e-07  STABLE(14)
  8300     0.8300  12    7152        1.620131      8.065875    1.34e-06    8.26e-07  STABLE(15)
  8400     0.8400  12    7152        1.618516      8.121437    1.52e-06    9.40e-07  STABLE(16)
  8500     0.8500  13    9170        1.616890      8.180766    1.70e-06    1.05e-06  EXPAND→13
  9000     0.9000  13    9170        1.516463      7.250678    2.18e-07    1.44e-07  
