############################################################
#  ADAPTIVE N: No fixed truncation boundary                #
#                                                          #
#  N_active grows when cascade approaches the boundary.   #
#  No wall = no reflection = no artefact.                  #
#                                                          #
#  Does N_active stabilise? If yes: cascade absorbed.     #
#  N_start=3, N_ceiling=20, buffer=2, ε=1e-06          #
############################################################

  === ν=0.010, A=0.1 ===

  Step    Time     N     Modes   Energy        Enstrophy     E_top       E_top/E     Action  
  ------  -------  ----  ------  ----------    ----------    --------    --------    --------
  100      0.0100  4     256         0.265988      1.252084    3.97e-02    1.49e-01  EXPAND→4
  500      0.0500  4     256         0.264974      1.246819    1.04e-08    3.93e-08  
  1000     0.1000  4     256         0.263731      1.242923    2.61e-07    9.91e-07  
  1100     0.1100  5     514         0.263483      1.242473    3.96e-07    1.50e-06  EXPAND→5
  1500     0.1500  5     514         0.260247      1.219745    1.38e-08    5.31e-08  
  2000     0.2000  6     924         0.259030      1.217353    3.40e-07    1.31e-06  EXPAND→6
  2500     0.2500  6     924         0.255947      1.195322    5.48e-09    2.14e-08  
  3000     0.3000  6     924         0.254753      1.193931    8.26e-08    3.24e-07  
  3100     0.3100  6     924         0.254515      1.194106    1.19e-07    4.68e-07  STABLE(11)
  3200     0.3200  6     924         0.254276      1.194428    1.66e-07    6.53e-07  STABLE(12)
  3300     0.3300  6     924         0.254038      1.194897    2.25e-07    8.85e-07  STABLE(13)
  3400     0.3400  7     1418        0.253799      1.195510    2.97e-07    1.17e-06  EXPAND→7
  3500     0.3500  7     1418        0.249360      1.156588    1.15e-12    4.62e-12  
  4000     0.4000  7     1418        0.248207      1.152143    1.46e-09    5.89e-09  
  4500     0.4500  7     1418        0.247056      1.151273    1.60e-08    6.46e-08  STABLE(11)
  4600     0.4600  7     1418        0.246826      1.151514    2.25e-08    9.10e-08  STABLE(12)
  4700     0.4700  7     1418        0.246596      1.151891    3.07e-08    1.25e-07  STABLE(13)
  4800     0.4800  7     1418        0.246366      1.152403    4.11e-08    1.67e-07  STABLE(14)
  4900     0.4900  7     1418        0.246136      1.153048    5.38e-08    2.19e-07  STABLE(15)
  5000     0.5000  7     1418        0.245905      1.153826    6.92e-08    2.82e-07  STABLE(16)
  5100     0.5100  7     1418        0.245674      1.154734    8.77e-08    3.57e-07  STABLE(17)
  5200     0.5200  7     1418        0.245444      1.155772    1.10e-07    4.47e-07  STABLE(18)
  5300     0.5300  7     1418        0.245212      1.156939    1.36e-07    5.53e-07  STABLE(19)
  5400     0.5400  7     1418        0.244981      1.158232    1.66e-07    6.76e-07  STABLE(20)
  5500     0.5500  7     1418        0.244750      1.159652    2.00e-07    8.19e-07  STABLE(21)
  5600     0.5600  7     1418        0.244518      1.161197    2.40e-07    9.83e-07  STABLE(22)
  5700     0.5700  8     2108        0.244285      1.162865    2.86e-07    1.17e-06  EXPAND→8
  6000     0.6000  8     2108        0.234272      1.077669    1.07e-11    4.55e-11  
  6500     0.6500  8     2108        0.233197      1.074479    5.18e-10    2.22e-09  
  6800     0.6800  8     2108        0.232553      1.074016    1.81e-09    7.78e-09  STABLE(11)
  6900     0.6900  8     2108        0.232338      1.074097    2.54e-09    1.09e-08  STABLE(12)
  7000     0.7000  8     2108        0.232123      1.074293    3.47e-09    1.50e-08  STABLE(13)
  7100     0.7100  8     2108        0.231909      1.074604    4.63e-09    2.00e-08  STABLE(14)
  7200     0.7200  8     2108        0.231694      1.075029    6.06e-09    2.61e-08  STABLE(15)
  7300     0.7300  8     2108        0.231479      1.075565    7.78e-09    3.36e-08  STABLE(16)
  7400     0.7400  8     2108        0.231264      1.076213    9.84e-09    4.26e-08  STABLE(17)
  7500     0.7500  8     2108        0.231049      1.076971    1.23e-08    5.31e-08  STABLE(18)
  7600     0.7600  8     2108        0.230833      1.077839    1.51e-08    6.55e-08  STABLE(19)
  7700     0.7700  8     2108        0.230618      1.078814    1.84e-08    7.99e-08  STABLE(20)
  7800     0.7800  8     2108        0.230402      1.079896    2.22e-08    9.65e-08  STABLE(21)
  7900     0.7900  8     2108        0.230186      1.081084    2.66e-08    1.15e-07  STABLE(22)
  8000     0.8000  8     2108        0.229970      1.082377    3.15e-08    1.37e-07  STABLE(23)
  8100     0.8100  8     2108        0.229754      1.083773    3.70e-08    1.61e-07  STABLE(24)
  8200     0.8200  8     2108        0.229537      1.085271    4.33e-08    1.88e-07  STABLE(25)
  8300     0.8300  8     2108        0.229320      1.086871    5.02e-08    2.19e-07  STABLE(26)
  8400     0.8400  8     2108        0.229102      1.088571    5.79e-08    2.53e-07  STABLE(27)
  8500     0.8500  8     2108        0.228885      1.090369    6.64e-08    2.90e-07  STABLE(28)
  8600     0.8600  8     2108        0.228667      1.092266    7.58e-08    3.31e-07  STABLE(29)
  8700     0.8700  8     2108        0.228448      1.094259    8.61e-08    3.77e-07  STABLE(30)
  8800     0.8800  8     2108        0.228229      1.096348    9.73e-08    4.26e-07  STABLE(31)
  8900     0.8900  8     2108        0.228010      1.098530    1.09e-07    4.80e-07  STABLE(32)
  9000     0.9000  8     2108        0.227790      1.100806    1.23e-07    5.39e-07  STABLE(33)
  9100     0.9100  8     2108        0.227570      1.103173    1.37e-07    6.02e-07  STABLE(34)
  9200     0.9200  8     2108        0.227349      1.105631    1.52e-07    6.70e-07  STABLE(35)
  9300     0.9300  8     2108        0.227128      1.108178    1.69e-07    7.43e-07  STABLE(36)
  9400     0.9400  8     2108        0.226906      1.110813    1.86e-07    8.21e-07  STABLE(37)
  9500     0.9500  8     2108        0.226684      1.113534    2.05e-07    9.05e-07  STABLE(38)
  9600     0.9600  8     2108        0.226461      1.116341    2.25e-07    9.94e-07  STABLE(39)
  9700     0.9700  9     3070        0.226238      1.119232    2.46e-07    1.09e-06  EXPAND→9
  10000    1.0000  9     3070        0.206514      0.950425    1.47e-10    7.11e-10  
  10500    1.0500  9     3070        0.205566      0.946635    6.61e-09    3.22e-08  
  10800    1.0800  9     3070        0.204999      0.945427    2.16e-08    1.05e-07  STABLE(11)
  10900    1.0900  9     3070        0.204810      0.945196    2.95e-08    1.44e-07  STABLE(12)
  11000    1.1000  9     3070        0.204621      0.945049    3.92e-08    1.92e-07  STABLE(13)
  11100    1.1100  9     3070        0.204432      0.944985    5.09e-08    2.49e-07  STABLE(14)
  11200    1.1200  9     3070        0.204243      0.945004    6.46e-08    3.16e-07  STABLE(15)
  11300    1.1300  9     3070        0.204054      0.945103    8.04e-08    3.94e-07  STABLE(16)
  11400    1.1400  9     3070        0.203865      0.945283    9.84e-08    4.83e-07  STABLE(17)
  11500    1.1500  9     3070        0.203676      0.945543    1.19e-07    5.83e-07  STABLE(18)
  11600    1.1600  9     3070        0.203487      0.945880    1.41e-07    6.94e-07  STABLE(19)
  11700    1.1700  9     3070        0.203298      0.946295    1.66e-07    8.18e-07  STABLE(20)
  11800    1.1800  9     3070        0.203109      0.946787    1.93e-07    9.53e-07  STABLE(21)
  11900    1.1900  10    4168        0.202920      0.947354    2.23e-07    1.10e-06  EXPAND→10
  12000    1.2000  10    4168        0.198723      0.909973    1.95e-13    9.84e-13  
  12500    1.2500  10    4168        0.197816      0.905332    2.31e-10    1.17e-09  
  13000    1.3000  10    4168        0.196913      0.902722    2.27e-09    1.15e-08  STABLE(11)
  13100    1.3100  10    4168        0.196732      0.902434    3.12e-09    1.58e-08  STABLE(12)
  13200    1.3200  10    4168        0.196552      0.902222    4.16e-09    2.12e-08  STABLE(13)
  13300    1.3300  10    4168        0.196372      0.902084    5.41e-09    2.76e-08  STABLE(14)
  13400    1.3400  10    4168        0.196191      0.902021    6.90e-09    3.52e-08  STABLE(15)
  13500    1.3500  10    4168        0.196011      0.902030    8.64e-09    4.41e-08  STABLE(16)
  13600    1.3600  10    4168        0.195831      0.902113    1.07e-08    5.44e-08  STABLE(17)
  13700    1.3700  10    4168        0.195650      0.902266    1.29e-08    6.61e-08  STABLE(18)
  13800    1.3800  10    4168        0.195470      0.902491    1.55e-08    7.94e-08  STABLE(19)
  13900    1.3900  10    4168        0.195290      0.902785    1.84e-08    9.43e-08  STABLE(20)
  14000    1.4000  10    4168        0.195109      0.903148    2.16e-08    1.11e-07  STABLE(21)
  14100    1.4100  10    4168        0.194928      0.903579    2.52e-08    1.29e-07  STABLE(22)
  14200    1.4200  10    4168        0.194748      0.904078    2.90e-08    1.49e-07  STABLE(23)
  14300    1.4300  10    4168        0.194567      0.904643    3.33e-08    1.71e-07  STABLE(24)
  14400    1.4400  10    4168        0.194386      0.905274    3.78e-08    1.95e-07  STABLE(25)
  14500    1.4500  10    4168        0.194205      0.905970    4.28e-08    2.20e-07  STABLE(26)
  14600    1.4600  10    4168        0.194024      0.906729    4.81e-08    2.48e-07  STABLE(27)
  14700    1.4700  10    4168        0.193842      0.907552    5.38e-08    2.78e-07  STABLE(28)
  14800    1.4800  10    4168        0.193661      0.908437    5.99e-08    3.09e-07  STABLE(29)
  14900    1.4900  10    4168        0.193479      0.909384    6.64e-08    3.43e-07  STABLE(30)
  15000    1.5000  10    4168        0.193297      0.910391    7.33e-08    3.79e-07  STABLE(31)
  15100    1.5100  10    4168        0.193115      0.911458    8.06e-08    4.17e-07  STABLE(32)
  15200    1.5200  10    4168        0.192933      0.912585    8.82e-08    4.57e-07  STABLE(33)
  15300    1.5300  10    4168        0.192750      0.913769    9.63e-08    5.00e-07  STABLE(34)
  15400    1.5400  10    4168        0.192568      0.915011    1.05e-07    5.44e-07  STABLE(35)
  15500    1.5500  10    4168        0.192384      0.916309    1.14e-07    5.91e-07  STABLE(36)
  15600    1.5600  10    4168        0.192201      0.917663    1.23e-07    6.40e-07  STABLE(37)
  15700    1.5700  10    4168        0.192018      0.919072    1.33e-07    6.91e-07  STABLE(38)
  15800    1.5800  10    4168        0.191834      0.920535    1.43e-07    7.44e-07  STABLE(39)
  15900    1.5900  10    4168        0.191650      0.922051    1.53e-07    7.99e-07  STABLE(40)
  16000    1.6000  10    4168        0.191465      0.923620    1.64e-07    8.57e-07  STABLE(41)
  16100    1.6100  10    4168        0.191280      0.925240    1.75e-07    9.16e-07  STABLE(42)
  16200    1.6200  10    4168        0.191095      0.926910    1.87e-07    9.77e-07  STABLE(43)
  16300    1.6300  11    5574        0.190910      0.928631    1.99e-07    1.04e-06  EXPAND→11
  16500    1.6500  11    5574        0.178085      0.815775    2.60e-12    1.46e-11  
  17000    1.7000  11    5574        0.177272      0.811296    3.42e-10    1.93e-09  
  17400    1.7400  11    5574        0.176624      0.808829    1.82e-09    1.03e-08  STABLE(11)
  17500    1.7500  11    5574        0.176462      0.808361    2.49e-09    1.41e-08  STABLE(12)
  17600    1.7600  11    5574        0.176301      0.807951    3.30e-09    1.87e-08  STABLE(13)
  17700    1.7700  11    5574        0.176139      0.807597    4.28e-09    2.43e-08  STABLE(14)
  17800    1.7800  11    5574        0.175978      0.807301    5.44e-09    3.09e-08  STABLE(15)
  17900    1.7900  11    5574        0.175816      0.807059    6.79e-09    3.86e-08  STABLE(16)
  18000    1.8000  11    5574        0.175655      0.806873    8.34e-09    4.75e-08  STABLE(17)
  18100    1.8100  11    5574        0.175494      0.806741    1.01e-08    5.75e-08  STABLE(18)
  18200    1.8200  11    5574        0.175332      0.806663    1.21e-08    6.89e-08  STABLE(19)
  18300    1.8300  11    5574        0.175171      0.806637    1.43e-08    8.17e-08  STABLE(20)
  18400    1.8400  11    5574        0.175010      0.806664    1.68e-08    9.59e-08  STABLE(21)
  18500    1.8500  11    5574        0.174849      0.806742    1.95e-08    1.12e-07  STABLE(22)
  18600    1.8600  11    5574        0.174687      0.806871    2.25e-08    1.29e-07  STABLE(23)
  18700    1.8700  11    5574        0.174526      0.807050    2.58e-08    1.48e-07  STABLE(24)
  18800    1.8800  11    5574        0.174365      0.807278    2.94e-08    1.69e-07  STABLE(25)
  18900    1.8900  11    5574        0.174203      0.807555    3.33e-08    1.91e-07  STABLE(26)
  19000    1.9000  11    5574        0.174042      0.807880    3.75e-08    2.16e-07  STABLE(27)
  19100    1.9100  11    5574        0.173880      0.808253    4.21e-08    2.42e-07  STABLE(28)
  19200    1.9200  11    5574        0.173718      0.808673    4.70e-08    2.70e-07  STABLE(29)
  19300    1.9300  11    5574        0.173557      0.809138    5.22e-08    3.01e-07  STABLE(30)
  19400    1.9400  11    5574        0.173395      0.809650    5.78e-08    3.34e-07  STABLE(31)
  19500    1.9500  11    5574        0.173233      0.810206    6.38e-08    3.69e-07  STABLE(32)
  19600    1.9600  11    5574        0.173071      0.810806    7.02e-08    4.06e-07  STABLE(33)
  19700    1.9700  11    5574        0.172909      0.811450    7.70e-08    4.45e-07  STABLE(34)
  19800    1.9800  11    5574        0.172746      0.812137    8.42e-08    4.87e-07  STABLE(35)
  19900    1.9900  11    5574        0.172584      0.812867    9.18e-08    5.32e-07  STABLE(36)
  20000    2.0000  11    5574        0.172421      0.813638    9.98e-08    5.79e-07  STABLE(37)
  20100    2.0100  11    5574        0.172259      0.814450    1.08e-07    6.29e-07  STABLE(38)
  20200    2.0200  11    5574        0.172096      0.815303    1.17e-07    6.81e-07  STABLE(39)
  20300    2.0300  11    5574        0.171933      0.816196    1.27e-07    7.36e-07  STABLE(40)
  20400    2.0400  11    5574        0.171769      0.817128    1.36e-07    7.95e-07  STABLE(41)
  20500    2.0500  11    5574        0.171606      0.818099    1.47e-07    8.56e-07  STABLE(42)
  20600    2.0600  11    5574        0.171442      0.819108    1.58e-07    9.20e-07  STABLE(43)
  20700    2.0700  11    5574        0.171278      0.820154    1.69e-07    9.87e-07  STABLE(44)
  20800    2.0800  12    7152        0.171114      0.821237    1.81e-07    1.06e-06  EXPAND→12
  21000    2.1000  12    7152        0.161727      0.736956    2.74e-13    1.70e-12  
  21500    2.1500  12    7152        0.160993      0.732521    3.52e-11    2.19e-10  
  21900    2.1900  12    7152        0.160408      0.729852    1.84e-10    1.15e-09  STABLE(11)
  22000    2.2000  12    7152        0.160262      0.729301    2.51e-10    1.57e-09  STABLE(12)
  22100    2.2100  12    7152        0.160117      0.728796    3.32e-10    2.07e-09  STABLE(13)
  22200    2.2200  12    7152        0.159971      0.728336    4.28e-10    2.68e-09  STABLE(14)
  22300    2.2300  12    7152        0.159825      0.727920    5.41e-10    3.39e-09  STABLE(15)
  22400    2.2400  12    7152        0.159680      0.727548    6.72e-10    4.21e-09  STABLE(16)
  22500    2.2500  12    7152        0.159534      0.727220    8.22e-10    5.15e-09  STABLE(17)
  22600    2.2600  12    7152        0.159389      0.726933    9.91e-10    6.22e-09  STABLE(18)
  22700    2.2700  12    7152        0.159244      0.726689    1.18e-09    7.42e-09  STABLE(19)
  22800    2.2800  12    7152        0.159099      0.726487    1.39e-09    8.76e-09  STABLE(20)
  22900    2.2900  12    7152        0.158953      0.726325    1.63e-09    1.02e-08  STABLE(21)
  23000    2.3000  12    7152        0.158808      0.726203    1.89e-09    1.19e-08  STABLE(22)
  23100    2.3100  12    7152        0.158663      0.726122    2.17e-09    1.37e-08  STABLE(23)
  23200    2.3200  12    7152        0.158518      0.726079    2.48e-09    1.56e-08  STABLE(24)
  23300    2.3300  12    7152        0.158373      0.726076    2.82e-09    1.78e-08  STABLE(25)
  23400    2.3400  12    7152        0.158227      0.726111    3.18e-09    2.01e-08  STABLE(26)
  23500    2.3500  12    7152        0.158082      0.726183    3.58e-09    2.26e-08  STABLE(27)
  23600    2.3600  12    7152        0.157937      0.726293    4.00e-09    2.53e-08  STABLE(28)
  23700    2.3700  12    7152        0.157792      0.726439    4.46e-09    2.83e-08  STABLE(29)
  23800    2.3800  12    7152        0.157647      0.726622    4.96e-09    3.14e-08  STABLE(30)
  23900    2.3900  12    7152        0.157501      0.726840    5.49e-09    3.48e-08  STABLE(31)
  24000    2.4000  12    7152        0.157356      0.727093    6.06e-09    3.85e-08  STABLE(32)
  24100    2.4100  12    7152        0.157211      0.727382    6.66e-09    4.24e-08  STABLE(33)
  24200    2.4200  12    7152        0.157065      0.727704    7.31e-09    4.66e-08  STABLE(34)
  24300    2.4300  12    7152        0.156920      0.728060    8.00e-09    5.10e-08  STABLE(35)
  24400    2.4400  12    7152        0.156774      0.728449    8.74e-09    5.57e-08  STABLE(36)
  24500    2.4500  12    7152        0.156629      0.728871    9.52e-09    6.08e-08  STABLE(37)
  24600    2.4600  12    7152        0.156483      0.729324    1.03e-08    6.61e-08  STABLE(38)
  24700    2.4700  12    7152        0.156337      0.729810    1.12e-08    7.18e-08  STABLE(39)
  24800    2.4800  12    7152        0.156191      0.730327    1.22e-08    7.78e-08  STABLE(40)
  24900    2.4900  12    7152        0.156045      0.730875    1.31e-08    8.41e-08  STABLE(41)
  25000    2.5000  12    7152        0.155899      0.731453    1.42e-08    9.08e-08  STABLE(42)
  25100    2.5100  12    7152        0.155753      0.732060    1.52e-08    9.78e-08  STABLE(43)
  25200    2.5200  12    7152        0.155606      0.732697    1.64e-08    1.05e-07  STABLE(44)
  25300    2.5300  12    7152        0.155460      0.733363    1.76e-08    1.13e-07  STABLE(45)
  25400    2.5400  12    7152        0.155313      0.734057    1.88e-08    1.21e-07  STABLE(46)
  25500    2.5500  12    7152        0.155166      0.734779    2.01e-08    1.30e-07  STABLE(47)
  25600    2.5600  12    7152        0.155019      0.735528    2.15e-08    1.38e-07  STABLE(48)
  25700    2.5700  12    7152        0.154872      0.736304    2.29e-08    1.48e-07  STABLE(49)
  25800    2.5800  12    7152        0.154725      0.737107    2.43e-08    1.57e-07  STABLE(50)
  25900    2.5900  12    7152        0.154577      0.737936    2.58e-08    1.67e-07  STABLE(51)
  26000    2.6000  12    7152        0.154430      0.738790    2.74e-08    1.77e-07  STABLE(52)
  26100    2.6100  12    7152        0.154282      0.739669    2.90e-08    1.88e-07  STABLE(53)
  26200    2.6200  12    7152        0.154134      0.740572    3.07e-08    1.99e-07  STABLE(54)
  26300    2.6300  12    7152        0.153986      0.741500    3.24e-08    2.11e-07  STABLE(55)
  26400    2.6400  12    7152        0.153838      0.742451    3.42e-08    2.22e-07  STABLE(56)
  26500    2.6500  12    7152        0.153689      0.743426    3.61e-08    2.35e-07  STABLE(57)
  26600    2.6600  12    7152        0.153540      0.744423    3.80e-08    2.47e-07  STABLE(58)
  26700    2.6700  12    7152        0.153392      0.745442    3.99e-08    2.60e-07  STABLE(59)
  26800    2.6800  12    7152        0.153242      0.746483    4.19e-08    2.73e-07  STABLE(60)
  26900    2.6900  12    7152        0.153093      0.747545    4.40e-08    2.87e-07  STABLE(61)
  27000    2.7000  12    7152        0.152944      0.748628    4.61e-08    3.01e-07  STABLE(62)
  27100    2.7100  12    7152        0.152794      0.749731    4.82e-08    3.16e-07  STABLE(63)
  27200    2.7200  12    7152        0.152644      0.750854    5.05e-08    3.31e-07  STABLE(64)
  27300    2.7300  12    7152        0.152494      0.751997    5.27e-08    3.46e-07  STABLE(65)
  27400    2.7400  12    7152        0.152343      0.753158    5.51e-08    3.62e-07  STABLE(66)
  27500    2.7500  12    7152        0.152193      0.754338    5.75e-08    3.78e-07  STABLE(67)
  27600    2.7600  12    7152        0.152042      0.755536    5.99e-08    3.94e-07  STABLE(68)
  27700    2.7700  12    7152        0.151891      0.756751    6.24e-08    4.11e-07  STABLE(69)
  27800    2.7800  12    7152        0.151739      0.757984    6.50e-08    4.28e-07  STABLE(70)
  27900    2.7900  12    7152        0.151588      0.759233    6.76e-08    4.46e-07  STABLE(71)
  28000    2.8000  12    7152        0.151436      0.760498    7.02e-08    4.64e-07  STABLE(72)
  28100    2.8100  12    7152        0.151284      0.761779    7.29e-08    4.82e-07  STABLE(73)
  28200    2.8200  12    7152        0.151131      0.763076    7.57e-08    5.01e-07  STABLE(74)
  28300    2.8300  12    7152        0.150978      0.764387    7.85e-08    5.20e-07  STABLE(75)
  28400    2.8400  12    7152        0.150826      0.765713    8.13e-08    5.39e-07  STABLE(76)
  28500    2.8500  12    7152        0.150672      0.767052    8.42e-08    5.59e-07  STABLE(77)
  28600    2.8600  12    7152        0.150519      0.768405    8.71e-08    5.79e-07  STABLE(78)
  28700    2.8700  12    7152        0.150365      0.769771    9.01e-08    5.99e-07  STABLE(79)
  28800    2.8800  12    7152        0.150211      0.771149    9.31e-08    6.20e-07  STABLE(80)
  28900    2.8900  12    7152        0.150057      0.772540    9.61e-08    6.40e-07  STABLE(81)
  29000    2.9000  12    7152        0.149902      0.773942    9.91e-08    6.61e-07  STABLE(82)
  29100    2.9100  12    7152        0.149748      0.775356    1.02e-07    6.82e-07  STABLE(83)
  29200    2.9200  12    7152        0.149592      0.776780    1.05e-07    7.03e-07  STABLE(84)
  29300    2.9300  12    7152        0.149437      0.778215    1.08e-07    7.24e-07  STABLE(85)
  29400    2.9400  12    7152        0.149281      0.779660    1.11e-07    7.45e-07  STABLE(86)
  29500    2.9500  12    7152        0.149125      0.781114    1.14e-07    7.65e-07  STABLE(87)
  29600    2.9600  12    7152        0.148969      0.782577    1.17e-07    7.86e-07  STABLE(88)
  29700    2.9700  12    7152        0.148812      0.784049    1.20e-07    8.07e-07  STABLE(89)
  29800    2.9800  12    7152        0.148656      0.785529    1.23e-07    8.27e-07  STABLE(90)
  29900    2.9900  12    7152        0.148498      0.787017    1.26e-07    8.47e-07  STABLE(91)
  30000    3.0000  12    7152        0.148341      0.788512    1.29e-07    8.67e-07  STABLE(92)
  30100    3.0100  12    7152        0.148183      0.790014    1.31e-07    8.86e-07  STABLE(93)
  30200    3.0200  12    7152        0.148025      0.791523    1.34e-07    9.05e-07  STABLE(94)
  30300    3.0300  12    7152        0.147867      0.793037    1.36e-07    9.23e-07  STABLE(95)
  30400    3.0400  12    7152        0.147708      0.794558    1.39e-07    9.41e-07  STABLE(96)
  30500    3.0500  12    7152        0.147549      0.796083    1.41e-07    9.58e-07  STABLE(97)
  30600    3.0600  12    7152        0.147390      0.797614    1.44e-07    9.74e-07  STABLE(98)
  30700    3.0700  12    7152        0.147230      0.799149    1.46e-07    9.90e-07  STABLE(99)
  30800    3.0800  13    9170        0.147070      0.800688    1.48e-07    1.00e-06  EXPAND→13
  31000    3.1000  13    9170        0.121858      0.564802    4.38e-12    3.59e-11  
  31500    3.1500  13    9170        0.121296      0.560105    5.54e-10    4.57e-09  
  31900    3.1900  13    9170        0.120851      0.556832    2.87e-09    2.37e-08  STABLE(11)
  32000    3.2000  13    9170        0.120740      0.556078    3.89e-09    3.22e-08  STABLE(12)
  32100    3.2100  13    9170        0.120629      0.555348    5.12e-09    4.24e-08  STABLE(13)
  32200    3.2200  13    9170        0.120518      0.554642    6.58e-09    5.46e-08  STABLE(14)
  32300    3.2300  13    9170        0.120408      0.553961    8.27e-09    6.87e-08  STABLE(15)
  32400    3.2400  13    9170        0.120297      0.553302    1.02e-08    8.48e-08  STABLE(16)
  32500    3.2500  13    9170        0.120187      0.552667    1.24e-08    1.03e-07  STABLE(17)
  32600    3.2600  13    9170        0.120077      0.552055    1.48e-08    1.23e-07  STABLE(18)
  32700    3.2700  13    9170        0.119967      0.551465    1.75e-08    1.46e-07  STABLE(19)
  32800    3.2800  13    9170        0.119858      0.550897    2.04e-08    1.70e-07  STABLE(20)
  32900    3.2900  13    9170        0.119748      0.550350    2.35e-08    1.96e-07  STABLE(21)
  33000    3.3000  13    9170        0.119638      0.549825    2.69e-08    2.25e-07  STABLE(22)
  33100    3.3100  13    9170        0.119529      0.549321    3.04e-08    2.55e-07  STABLE(23)
  33200    3.3200  13    9170        0.119420      0.548838    3.42e-08    2.86e-07  STABLE(24)
  33300    3.3300  13    9170        0.119311      0.548375    3.81e-08    3.19e-07  STABLE(25)
  33400    3.3400  13    9170        0.119202      0.547932    4.22e-08    3.54e-07  STABLE(26)
  33500    3.3500  13    9170        0.119093      0.547509    4.64e-08    3.90e-07  STABLE(27)
  33600    3.3600  13    9170        0.118984      0.547105    5.08e-08    4.27e-07  STABLE(28)
  33700    3.3700  13    9170        0.118875      0.546720    5.52e-08    4.64e-07  STABLE(29)
  33800    3.3800  13    9170        0.118767      0.546354    5.98e-08    5.03e-07  STABLE(30)
  33900    3.3900  13    9170        0.118658      0.546007    6.44e-08    5.43e-07  STABLE(31)
  34000    3.4000  13    9170        0.118550      0.545678    6.90e-08    5.82e-07  STABLE(32)
  34100    3.4100  13    9170        0.118441      0.545367    7.38e-08    6.23e-07  STABLE(33)
  34200    3.4200  13    9170        0.118333      0.545074    7.85e-08    6.63e-07  STABLE(34)
  34300    3.4300  13    9170        0.118225      0.544798    8.32e-08    7.04e-07  STABLE(35)
  34400    3.4400  13    9170        0.118117      0.544539    8.80e-08    7.45e-07  STABLE(36)
  34500    3.4500  13    9170        0.118009      0.544297    9.27e-08    7.86e-07  STABLE(37)
  34600    3.4600  13    9170        0.117901      0.544072    9.74e-08    8.26e-07  STABLE(38)
  34700    3.4700  13    9170        0.117793      0.543863    1.02e-07    8.67e-07  STABLE(39)
  34800    3.4800  13    9170        0.117685      0.543670    1.07e-07    9.07e-07  STABLE(40)
  34900    3.4900  13    9170        0.117577      0.543493    1.11e-07    9.47e-07  STABLE(41)
  35000    3.5000  13    9170        0.117469      0.543332    1.16e-07    9.86e-07  STABLE(42)
  35100    3.5100  14    11512       0.117362      0.543187    1.20e-07    1.03e-06  EXPAND→14
  35500    3.5500  14    11512       0.073627      0.310417    1.41e-12    1.92e-11  
  36000    3.6000  14    11512       0.073352      0.308276    3.02e-11    4.12e-10  
  36200    3.6200  14    11512       0.073249      0.307569    6.26e-11    8.54e-10  STABLE(11)
  36300    3.6300  14    11512       0.073200      0.307246    8.53e-11    1.17e-09  STABLE(12)
  36400    3.6400  14    11512       0.073151      0.306945    1.13e-10    1.55e-09  STABLE(13)
  36500    3.6500  14    11512       0.073104      0.306663    1.47e-10    2.01e-09  STABLE(14)
  36600    3.6600  14    11512       0.073057      0.306402    1.86e-10    2.55e-09  STABLE(15)
  36700    3.6700  14    11512       0.073012      0.306161    2.32e-10    3.17e-09  STABLE(16)
  36800    3.6800  14    11512       0.072967      0.305941    2.84e-10    3.90e-09  STABLE(17)
  36900    3.6900  14    11512       0.072924      0.305740    3.44e-10    4.72e-09  STABLE(18)
  37000    3.7000  14    11512       0.072882      0.305559    4.11e-10    5.64e-09  STABLE(19)
  37100    3.7100  14    11512       0.072841      0.305398    4.86e-10    6.68e-09  STABLE(20)
  37200    3.7200  14    11512       0.072800      0.305257    5.69e-10    7.82e-09  STABLE(21)
  37300    3.7300  14    11512       0.072761      0.305135    6.61e-10    9.08e-09  STABLE(22)
  37400    3.7400  14    11512       0.072723      0.305034    7.61e-10    1.05e-08  STABLE(23)
  37500    3.7500  14    11512       0.072686      0.304952    8.70e-10    1.20e-08  STABLE(24)
  37600    3.7600  14    11512       0.072650      0.304891    9.88e-10    1.36e-08  STABLE(25)
  37700    3.7700  14    11512       0.072614      0.304850    1.11e-09    1.54e-08  STABLE(26)
  37800    3.7800  14    11512       0.072580      0.304828    1.25e-09    1.72e-08  STABLE(27)
  37900    3.7900  14    11512       0.072547      0.304827    1.40e-09    1.93e-08  STABLE(28)
  38000    3.8000  14    11512       0.072515      0.304847    1.56e-09    2.15e-08  STABLE(29)
  38100    3.8100  14    11512       0.072484      0.304887    1.73e-09    2.38e-08  STABLE(30)
  38200    3.8200  14    11512       0.072454      0.304948    1.90e-09    2.63e-08  STABLE(31)
  38300    3.8300  14    11512       0.072425      0.305029    2.10e-09    2.89e-08  STABLE(32)
  38400    3.8400  14    11512       0.072397      0.305132    2.30e-09    3.18e-08  STABLE(33)
  38500    3.8500  14    11512       0.072369      0.305256    2.52e-09    3.48e-08  STABLE(34)
  38600    3.8600  14    11512       0.072343      0.305402    2.75e-09    3.80e-08  STABLE(35)
  38700    3.8700  14    11512       0.072318      0.305570    3.00e-09    4.15e-08  STABLE(36)
  38800    3.8800  14    11512       0.072294      0.305760    3.26e-09    4.51e-08  STABLE(37)
  38900    3.8900  14    11512       0.072271      0.305972    3.54e-09    4.90e-08  STABLE(38)
  39000    3.9000  14    11512       0.072249      0.306207    3.84e-09    5.32e-08  STABLE(39)
  39100    3.9100  14    11512       0.072228      0.306466    4.16e-09    5.76e-08  STABLE(40)
  39200    3.9200  14    11512       0.072207      0.306748    4.51e-09    6.24e-08  STABLE(41)
  39300    3.9300  14    11512       0.072188      0.307055    4.87e-09    6.75e-08  STABLE(42)
  39400    3.9400  14    11512       0.072170      0.307385    5.27e-09    7.30e-08  STABLE(43)
  39500    3.9500  14    11512       0.072153      0.307741    5.69e-09    7.88e-08  STABLE(44)
