############################################################
#  SHELL BALANCE: Per-shell cascade/diffusion dual number   #
#                                                          #
#  η_k = T_k/D_k  (state: cascade vs diffusion at shell k)#
#  dη_k/dt         (derivative: getting better or worse?)   #
#                                                          #
#  Fixed projection u₀ from N_base=2                     #
############################################################

  nu=0.0100, dt=0.000100, steps=3000, N_max=6

  === amp=0.1, N=3 (modes=122) ===

  Step    η_k=1     η_k=2     η_k=3     max_η   dmax/dt   Ω_total
  -----  --------------------------- -------- --------- ----------
  200      1.2434   1.4320 205.0816  205.0816 +10254.08     0.2163
  400      1.2546   1.6439 154.2192  154.2192  -2543.12     0.2163
  600      1.2660   1.8543 114.6841  114.6841  -1976.75     0.2163
  800      1.2778   2.0631  90.7030   90.7030  -1199.05     0.2163
  1000     1.2898   2.2699  74.9787   74.9787   -786.22     0.2163
  1200     1.3022   2.4745  63.9478   63.9478   -551.54     0.2164
  1400     1.3148   2.6765  55.8062   55.8062   -407.08     0.2165
  1600     1.3278   2.8759  49.5611   49.5611   -312.26     0.2166
  1800     1.3411   3.0723  44.6247   44.6247   -246.82     0.2167
  2000     1.3547   3.2655  40.6284   40.6284   -199.81     0.2168
  2200     1.3687   3.4554  37.3297   37.3297   -164.94     0.2170
  2400     1.3829   3.6417  34.5624   34.5624   -138.37     0.2172
  2600     1.3975   3.8244  32.2091   32.2091   -117.66     0.2174
  2800     1.4124   4.0032  30.1845   30.1845   -101.23     0.2176
  3000     1.4277   4.1781  28.4252   28.4252    -87.97     0.2178

  Ω_final = 0.217835

  === amp=0.1, N=4 (modes=256) ===

  Step    η_k=1     η_k=2     η_k=3     η_k=4     max_η   dmax/dt   Ω_total
  -----  ------------------------------------ -------- --------- ----------
  200      1.2435   1.4311 205.0816 124.4568  205.0816 +10254.08     0.2163
  400      1.2546   1.6414 154.0484 116.7584  154.0484  -2551.66     0.2163
  600      1.2661   1.8506 114.3972 100.0409  114.3972  -1982.56     0.2163
  800      1.2779   2.0584  90.3615  85.3089   90.3615  -1201.78     0.2163
  1000     1.2900   2.2646  74.6152  73.7542   74.6152   -787.31     0.2164
  1200     1.3024   2.4688  63.5812  64.7426   64.7426   -493.63     0.2164
  1400     1.3152   2.6708  55.4481  57.6046   57.6046   -356.90     0.2165
  1600     1.3283   2.8704  49.2194  51.8432   51.8432   -288.07     0.2167
  1800     1.3417   3.0674  44.3050  47.1090   47.1090   -236.71     0.2168
  2000     1.3554   3.2615  40.3348  43.1563   43.1563   -197.64     0.2170
  2200     1.3695   3.4526  37.0653  39.8096   39.8096   -167.34     0.2171
  2400     1.3839   3.6405  34.3295  36.9412   36.9412   -143.42     0.2174
  2600     1.3986   3.8249  32.0098  34.4566   34.4566   -124.23     0.2176
  2800     1.4137   4.0058  30.0203  32.2841   32.2841   -108.62     0.2179
  3000     1.4291   4.1831  28.2973  30.3688   30.3688    -95.76     0.2181

  Ω_final = 0.218145

  === amp=0.1, N=5 (modes=514) ===

  Step    η_k=1     η_k=2     η_k=3     η_k=4     η_k=5     max_η   dmax/dt   Ω_total
  -----  --------------------------------------------- -------- --------- ----------
  200      1.2435   1.4311 205.0816 124.4568  83.6446  205.0816 +10254.08     0.2163
  400      1.2546   1.6414 154.0493 116.7438  82.3626  154.0493  -2551.62     0.2163
  600      1.2661   1.8506 114.4001 100.0114  76.3754  114.4001  -1982.46     0.2163
  800      1.2779   2.0584  90.3668  85.2891  68.8783   90.3668  -1201.66     0.2163
  1000     1.2900   2.2646  74.6232  73.7643  61.8831   74.6232   -787.18     0.2164
  1200     1.3024   2.4688  63.5919  64.7968  55.8417   64.7968   -491.32     0.2164
  1400     1.3152   2.6708  55.4619  57.7130  50.7269   57.7130   -354.19     0.2165
  1600     1.3283   2.8704  49.2363  52.0128  46.4022   52.0128   -285.01     0.2167
  1800     1.3417   3.0674  44.3252  47.3451  42.7262   47.3451   -233.39     0.2168
  2000     1.3554   3.2615  40.3584  43.4628  39.5782   43.4628   -194.12     0.2170
  2200     1.3694   3.4526  37.0923  40.1896  36.8607   40.1896   -163.66     0.2172
  2400     1.3838   3.6404  34.3602  37.3970  34.4969   37.3970   -139.63     0.2174
  2600     1.3986   3.8249  32.0441  34.9899  32.4258   34.9899   -120.36     0.2176
  2800     1.4137   4.0058  30.0584  32.8962  30.5993   32.8962   -104.68     0.2179
  3000     1.4291   4.1831  28.3393  31.0608  28.9787   31.0608    -91.77     0.2181

  Ω_final = 0.218150

  === amp=0.1, N=6 (modes=924) ===

  Step    η_k=1     η_k=2     η_k=3     η_k=4     η_k=5     η_k=6     max_η   dmax/dt   Ω_total
  -----  ------------------------------------------------------ -------- --------- ----------
  200      1.2435   1.4311 205.0816 124.4568  83.6446  60.1716  205.0816 +10254.08     0.2163
  400      1.2546   1.6414 154.0493 116.7440  78.7482  59.2494  154.0493  -2551.62     0.2163
  600      1.2661   1.8506 114.4001 100.0125  68.5821  54.9834  114.4001  -1982.46     0.2163
  800      1.2779   2.0584  90.3668  85.2914  60.0610  49.7085   90.3668  -1201.66     0.2163
  1000     1.2900   2.2646  74.6232  73.7682  53.6078  44.8592   74.6232   -787.18     0.2164
  1200     1.3024   2.4688  63.5920  64.8024  48.6412  40.7382   64.8024   -491.04     0.2164
  1400     1.3152   2.6708  55.4621  57.7205  44.6789  37.3066   57.7205   -354.10     0.2165
  1600     1.3283   2.8704  49.2365  52.0224  41.4097  34.4504   52.0224   -284.90     0.2167
  1800     1.3417   3.0674  44.3254  47.3570  38.6403  32.0563   47.3570   -233.27     0.2168
  2000     1.3554   3.2615  40.3586  43.4771  36.2485  30.0288   43.4771   -193.99     0.2170
  2200     1.3694   3.4526  37.0926  40.2065  34.1537  28.2922   40.2065   -163.53     0.2172
  2400     1.3838   3.6404  34.3606  37.4167  32.3001  26.7874   37.4167   -139.49     0.2174
  2600     1.3986   3.8249  32.0445  35.0125  30.6472  25.4690   35.0125   -120.21     0.2176
  2800     1.4137   4.0058  30.0589  32.9220  29.1643  24.3019   32.9220   -104.52     0.2179
  3000     1.4291   4.1831  28.3398  31.0899  27.8272  23.2589   31.0899    -91.61     0.2182

  Ω_final = 0.218150

  === amp=0.3, N=3 (modes=122) ===

  Step    η_k=1     η_k=2     η_k=3     max_η   dmax/dt   Ω_total
  -----  --------------------------- -------- --------- ----------
  200      3.6309   4.2006 205.0816  205.0816 +10254.08     1.9505
  400      3.7349   6.0690 154.9381  154.9381  -2507.18     1.9555
  600      3.8476   7.8771 116.1460  116.1460  -1939.60     1.9621
  800      3.9693   9.6060  92.7734   92.7734  -1168.63     1.9704
  1000     4.1001  11.2406  77.5696   77.5696   -760.19     1.9806
  1200     4.2402  12.7694  66.9967   66.9967   -528.64     1.9926
  1400     4.3900  14.1847  59.2639   59.2639   -386.64     2.0064
  1600     4.5495  15.4826  53.3855   53.3855   -293.92     2.0223
  1800     4.7189  16.6625  48.7784   48.7784   -230.35     2.0402
  2000     4.8984  17.7266  45.0770   45.0770   -185.07     2.0602
  2200     5.0882  18.6796  42.0408   42.0408   -151.81     2.0824
  2400     5.2884  19.5278  39.5059   39.5059   -126.75     2.1069
  2600     5.4991  20.2788  37.3564   37.3564   -107.47     2.1339
  2800     5.7205  20.9410  35.5089   35.5089    -92.38     2.1635
  3000     5.9527  21.5232  33.9014   33.9014    -80.37     2.1957

  Ω_final = 2.195734

  === amp=0.3, N=4 (modes=256) ===

  Step    η_k=1     η_k=2     η_k=3     η_k=4     max_η   dmax/dt   Ω_total
  -----  ------------------------------------ -------- --------- ----------
  200      3.6310   4.1936 205.0816 124.4568  205.0816 +10254.08     1.9506
  400      3.7355   6.0535 154.5563 116.7852  154.5563  -2526.27     1.9559
  600      3.8490   7.8612 115.6273 100.0995  115.6273  -1946.45     1.9631
  800      3.9717   9.5981  92.3271  85.3644   92.3271  -1165.01     1.9722
  1000     4.1040  11.2489  77.3071  73.7823   77.3071   -751.00     1.9835
  1200     4.2461  12.8017  66.9817  64.7319   66.9817   -516.27     1.9969
  1400     4.3983  14.2488  59.5350  57.5541   59.5350   -372.34     2.0126
  1600     4.5608  15.5861  53.9662  51.7591   53.9662   -278.44     2.0307
  1800     4.7338  16.8127  49.6830  47.0033   49.6830   -214.16     2.0514
  2000     4.9176  17.9310  46.3134  43.0458   46.3134   -168.48     2.0749
  2200     5.1123  18.9456  43.6130  39.7154   43.6130   -135.02     2.1014
  2400     5.3181  19.8628  41.4154  36.8881   41.4154   -109.88     2.1311
  2600     5.5351  20.6907  39.6035  34.4721   39.6035    -90.60     2.1643
  2800     5.7637  21.4378  38.0932  32.3986   38.0932    -75.52     2.2014
  3000     6.0038  22.1135  36.8227  30.6146   36.8227    -63.52     2.2427

  Ω_final = 2.242729

  === amp=0.3, N=5 (modes=514) ===

  Step    η_k=1     η_k=2     η_k=3     η_k=4     η_k=5     max_η   dmax/dt   Ω_total
  -----  --------------------------------------------- -------- --------- ----------
  200      3.6310   4.1936 205.0816 124.4568  83.6446  205.0816 +10254.08     1.9506
  400      3.7355   6.0535 154.5655 116.7917  82.3664  154.5655  -2525.80     1.9559
  600      3.8490   7.8612 115.6566 100.2760  76.4220  115.6566  -1945.44     1.9631
  800      3.9717   9.5981  92.3824  85.8999  69.0333   92.3824  -1163.71     1.9722
  1000     4.1040  11.2488  77.3920  74.8026  62.2141   77.3920   -749.52     1.9835
  1200     4.2460  12.8017  67.0994  66.3150  56.4132   67.0994   -514.63     1.9970
  1400     4.3982  14.2488  59.6878  59.7453  51.5995   59.7453   -367.71     2.0128
  1600     4.5606  15.5862  54.1562  54.5813  47.6321   54.5813   -258.20     2.0311
  1800     4.7335  16.8131  49.9119  50.4625  44.3632   50.4625   -205.94     2.0520
  2000     4.9171  17.9319  46.5832  47.1351  41.6641   47.1351   -166.37     2.0759
  2200     5.1115  18.9473  43.9257  44.4174  39.4276   44.4174   -135.88     2.1029
  2400     5.3170  19.8659  41.7730  42.1773  37.5651   42.1773   -112.01     2.1334
  2600     5.5337  20.6958  40.0084  40.3165  36.0033   40.3165    -93.04     2.1677
  2800     5.7616  21.4458  38.5481  38.7612  34.6813   38.7612    -77.76     2.2064
  3000     6.0010  22.1254  37.3307  37.4549  33.5487   37.4549    -65.31     2.2499

  Ω_final = 2.249896

  === amp=0.3, N=6 (modes=924) ===

  Step    η_k=1     η_k=2     η_k=3     η_k=4     η_k=5     η_k=6     max_η   dmax/dt   Ω_total
  -----  ------------------------------------------------------ -------- --------- ----------
  200      3.6310   4.1936 205.0816 124.4568  83.6446  60.1716  205.0816 +10254.08     1.9506
  400      3.7355   6.0535 154.5656 116.7934  80.0753  59.3052  154.5656  -2525.80     1.9559
  600      3.8490   7.8612 115.6570 100.2857  72.9685  55.5450  115.6570  -1945.43     1.9631
  800      3.9717   9.5981  92.3830  85.9235  66.2797  51.1851   92.3830  -1163.70     1.9722
  1000     4.1040  11.2488  77.3931  74.8455  60.4049  47.2960   77.3931   -749.50     1.9835
  1200     4.2460  12.8017  67.1010  66.3823  55.3767  43.9590   67.1010   -514.60     1.9970
  1400     4.3982  14.2488  59.6900  59.8421  51.1291  41.0797   59.8421   -362.94     2.0128
  1600     4.5606  15.5862  54.1594  54.7125  47.5579  38.5762   54.7125   -256.48     2.0311
  1800     4.7335  16.8132  49.9164  50.6332  44.5555  36.3948   50.6332   -203.97     2.0521
  2000     4.9171  17.9320  46.5892  47.3501  42.0259  34.4995   47.3501   -164.16     2.0759
  2200     5.1115  18.9475  43.9337  44.6813  39.8879  32.8633   44.6813   -133.44     2.1030
  2400     5.3170  19.8662  41.7835  42.4945  38.0752  31.4627   42.4945   -109.34     2.1336
  2600     5.5337  20.6961  40.0220  40.6911  36.5337  30.2755   40.6911    -90.17     2.1682
  2800     5.7617  21.4463  38.5655  39.1971  35.2197  29.2786   39.1971    -74.70     2.2072
  3000     6.0011  22.1261  37.3528  37.9556  34.0976  28.4480   37.9556    -62.08     2.2512

  Ω_final = 2.251249

  === amp=0.5, N=3 (modes=122) ===

  Step    η_k=1     η_k=2     η_k=3     max_η   dmax/dt   Ω_total
  -----  --------------------------- -------- --------- ----------
  200      6.0593   7.7776 205.0816  205.0816 +10254.08     5.4304
  400      6.3632  12.8081 155.7990  155.7990  -2464.13     5.4648
  600      6.7088  17.4603 118.0015  118.0015  -1889.87     5.5129
  800      7.0977  21.6329  95.4795   95.4795  -1126.10     5.5753
  1000     7.5317  25.2734  80.9908   80.9908   -724.43     5.6529
  1200     8.0122  28.3733  71.0101   71.0101   -499.04     5.7469
  1400     8.5407  30.9590  63.7562   63.7562   -362.70     5.8584
  1600     9.1184  33.0806  58.2529   58.2529   -275.17     5.9889
  1800     9.7464  34.8014  53.9268   53.9268   -216.30     6.1403
  2000    10.4258  36.1887  50.4225   50.4225   -175.22     6.3145
  2200    11.1574  37.3087  47.5100   47.5100   -145.62     6.5140
  2400    11.9420  38.2217  45.0357   45.0357   -123.71     6.7416
  2600    12.7804  38.9810  42.8944   42.8944   -107.06     7.0007
  2800    13.6731  39.6313  41.0127   41.0127    -94.09     7.2950
  3000    14.6208  40.2094  39.3389   40.2094    -40.17     7.6291

  Ω_final = 7.629081

  === amp=0.5, N=4 (modes=256) ===

  Step    η_k=1     η_k=2     η_k=3     η_k=4     max_η   dmax/dt   Ω_total
  -----  ------------------------------------ -------- --------- ----------
  200      6.0598   7.7608 205.0816 124.4568  205.0816 +10254.08     5.4312
  400      6.3655  12.7830 155.3318 116.7997  155.3318  -2487.49     5.4682
  600      6.7145  17.4646 117.6309 100.1014  117.6309  -1885.04     5.5209
  800      7.1090  21.7029  95.6067  85.3167   95.6067  -1101.21     5.5907
  1000     7.5509  25.4434  81.8137  73.6868   81.8137   -689.65     5.6791
  1200     8.0422  28.6767  72.6262  64.6265   72.6262   -459.37     5.7884
  1400     8.5846  31.4289  66.2114  57.5059   66.2114   -320.74     5.9214
  1600     9.1797  33.7513  61.5671  51.8598   61.5671   -232.21     6.0816
  1800     9.8287  35.7092  58.1095  47.3633   58.1095   -172.88     6.2737
  2000    10.5330  37.3732  55.4819  43.7873   55.4819   -131.38     6.5032
  2200    11.2938  38.8124  53.4587  40.9635   53.4587   -101.16     6.7776
  2400    12.1120  40.0908  51.8930  38.7600   51.8930    -78.28     7.1063
  2600    12.9888  41.2647  50.6866  37.0671   50.6866    -60.32     7.5011
  2800    13.9252  42.3813  49.7716  35.7893   49.7716    -45.75     7.9774
  3000    14.9225  43.4788  49.0993  34.8435   49.0993    -33.61     8.5551

  Ω_final = 8.555071

  === amp=0.5, N=5 (modes=514) ===

  Step    η_k=1     η_k=2     η_k=3     η_k=4     η_k=5     max_η   dmax/dt   Ω_total
  -----  --------------------------------------------- -------- --------- ----------
  200      6.0598   7.7608 205.0816 124.4568  83.6446  205.0816 +10254.08     5.4312
  400      6.3655  12.7830 155.3591 116.8923  82.3769  155.3591  -2486.13     5.4682
  600      6.7145  17.4645 117.7194 100.8289  76.5475  117.7194  -1881.99     5.5211
  800      7.1088  21.7028  95.7747  87.1684  69.4552   95.7747  -1097.24     5.5911
  1000     7.5505  25.4437  82.0734  76.9363  63.1258   82.0734   -685.06     5.6803
  1200     8.0415  28.6778  72.9872  69.3882  57.9868   72.9872   -454.31     5.7911
  1400     8.5832  31.4325  66.6826  63.7832  53.9597   66.6826   -315.23     5.9271
  1600     9.1771  33.7598  62.1586  59.5780  50.8350   62.1586   -226.20     6.0927
  1800     9.8244  35.7267  58.8332  56.3945  48.3882   58.8332   -166.27     6.2942
  2000    10.5261  37.4055  56.3523  53.9707  46.4205   56.3523   -124.04     6.5400
  2200    11.2829  38.8679  54.4927  52.1231  44.7738   54.4927    -92.98     6.8418
  2400    12.0953  40.1805  53.1096  50.7201  43.3335   53.1096    -69.16     7.2158
  2600    12.9638  41.4029  52.1062  49.6644  42.0230   52.1062    -50.17     7.6849
  2800    13.8884  42.5860  51.4158  48.8808  40.7956   51.4158    -34.52     8.2820
  3000    14.8691  43.7718  50.9903  48.3092  39.6250   50.9903    -21.27     9.0548

  Ω_final = 9.054760

  === amp=0.5, N=6 (modes=924) ===

  Step    η_k=1     η_k=2     η_k=3     η_k=4     η_k=5     η_k=6     max_η   dmax/dt   Ω_total
  -----  ------------------------------------------------------ -------- --------- ----------
  200      6.0598   7.7608 205.0816 124.4568  83.6446  60.1716  205.0816 +10254.08     5.4312
  400      6.3655  12.7830 155.3594 116.8974  81.0955  59.4163  155.3594  -2486.11     5.4682
  600      6.7145  17.4645 117.7205 100.8596  75.1363  56.3364  117.7205  -1881.95     5.5211
  800      7.1088  21.7029  95.7770  87.2475  68.7461  52.7123   95.7770  -1097.17     5.5911
  1000     7.5505  25.4438  82.0778  77.0861  63.0469  49.2522   82.0778   -684.96     5.6804
  1200     8.0415  28.6780  72.9949  69.6304  58.3145  46.1496   72.9949   -454.15     5.7913
  1400     8.5832  31.4328  66.6953  64.1383  54.4971  43.5021   66.6953   -314.98     5.9277
  1600     9.1772  33.7605  62.1787  60.0646  51.4561  41.3487   62.1787   -225.83     6.0943
  1800     9.8246  35.7277  58.8638  57.0290  49.0495  39.6722   58.8638   -165.75     6.2981
  2000    10.5264  37.4070  56.3973  54.7675  47.1546  38.4060   56.3973   -123.32     6.5491
  2200    11.2834  38.8700  54.5571  53.0949  45.6704  37.4504   54.5571    -92.01     6.8617
  2400    12.0962  40.1837  53.1997  51.8795  44.5148  36.6960   53.1997    -67.87     7.2583
  2600    12.9653  41.4075  52.2302  51.0260  43.6214  36.0456   52.2302    -48.48     7.7737
  2800    13.8907  42.5925  51.5841  50.4640  42.9364  35.4272   51.5841    -32.30     8.4647
  3000    14.8725  43.7811  51.2168  50.1405  42.4173  34.7944   51.2168    -18.37     9.4260

  Ω_final = 9.426029

  === amp=1.0, N=3 (modes=122) ===

  Step    η_k=1     η_k=2     η_k=3     max_η   dmax/dt   Ω_total
  -----  --------------------------- -------- --------- ----------
  200     12.3247  20.0031 205.0816  205.0816 +10254.08    21.8814
  400     13.7005  37.8567 158.4469  158.4469  -2331.74    22.3471
  600     15.4299  51.6124 123.7966  123.7966  -1732.51    23.0604
  800     17.5378  61.2879 103.7082  103.7082  -1004.42    24.0606
  1000    20.0448  67.6966  90.8861   90.8861   -641.11    25.4027
  1200    22.9676  71.8643  81.9027   81.9027   -449.17    27.1623
  1400    26.3191  74.6938  75.1173   75.1173   -339.27    29.4433
  1600    30.1101  76.8504  69.7055   76.8504    +86.66    32.3863
  1800    34.3495  78.7642  65.2530   78.7642    +95.69    36.1814
  2000    39.0467  80.6717  61.5814   80.6717    +95.37    41.0849
  2200    44.2118  82.6636  58.6772   82.6636    +99.59    47.4429
  2400    49.8567  84.7291  56.6636   84.7291   +103.28    55.7250
  2600    55.9956  86.7964  55.7776   86.7964   +103.37    66.5752
  2800    62.6447  88.7697  56.3097   88.7697    +98.66    80.8882
  3000    69.8251  90.5630  58.4650   90.5630    +89.66    99.9306

  Ω_final = 99.930612

  === amp=1.0, N=4 (modes=256) ===

  Step    η_k=1     η_k=2     η_k=3     η_k=4     max_η   dmax/dt   Ω_total
  -----  ------------------------------------ -------- --------- ----------
  200     12.3275  19.9624 205.0816 124.4568  205.0816 +10254.08    21.8950
  400     13.7175  37.9281 158.3182 116.7940  158.3182  -2338.17    22.4091
  600     15.4793  52.0569 125.3381  99.9962  125.3381  -1649.01    23.2283
  800     17.6438  62.3444 107.7620  85.2964  107.7620   -878.80    24.4367
  1000    20.2364  69.6181  97.7429  74.3349   97.7429   -500.96    26.1712
  1200    23.2780  74.9455  91.7234  66.7807   91.7234   -300.97    28.6536
  1400    26.7871  79.2768  88.0944  61.9919   88.0944   -181.45    32.2468
  1600    30.7825  83.3086  86.0759  59.2304   86.0759   -100.92    37.5530
  1800    35.2894  87.4675  85.2313  57.8486   87.4675    +69.58    45.5847
  2000    40.3449  91.9359  85.2555  57.5348   91.9359   +223.42    58.0660
  2200    46.0054  96.6931  85.8943  58.3916   96.6931   +237.86    77.9687
  2400    52.3506 101.5730  86.9281  60.6670  101.5730   +243.99   110.4808
  2600    59.4808 106.3432  88.1835  64.2189  106.3432   +238.51   164.7950
  2800    67.5025 110.8071  89.5507  68.2272  110.8071   +223.20   257.5116
  3000    76.4956 114.9096  90.9953  71.6529  114.9096   +205.12   419.3449

  Ω_final = 419.344880

  === amp=1.0, N=5 (modes=514) ===

  Step    η_k=1     η_k=2     η_k=3     η_k=4     η_k=5     max_η   dmax/dt   Ω_total
  -----  --------------------------------------------- -------- --------- ----------
  200     12.3275  19.9624 205.0816 124.4568  83.6446  205.0816 +10254.08    21.8951
  400     13.7173  37.9280 158.4373 117.3739  82.4426  158.4373  -2332.22    22.4108
  600     15.4782  52.0583 125.7244 103.3867  77.3307  125.7244  -1635.65    23.2393
  800     17.6398  62.3557 108.4967  92.7572  71.9531  108.4967   -861.38    24.4818
  1000    20.2251  69.6642  98.9037  85.8317  67.8901   98.9037   -479.65    26.3223
  1200    23.2502  75.0794  93.4112  81.5325  64.8394   93.4112   -274.63    29.1059
  1400    26.7246  79.5920  90.4321  78.9920  62.2470   90.4321   -148.95    33.5138
  1600    30.6508  83.9500  89.1975  77.5990  59.8056   89.1975    -61.73    40.9633
  1800    35.0241  88.6283  89.2796  76.9020  57.4225   89.2796     +4.10    54.5403
  2000    39.8296  93.8257  90.4094  76.5799  55.1080   93.8257   +227.30    81.2152
  2200    45.0356  99.4594  92.4272  76.4539  52.9178   99.4594   +281.69   137.2252
  2400    50.5810 105.1731  95.2583  76.4856  50.9399  105.1731   +285.68   261.5633
  2600    56.3579 110.3910  98.8359  76.7370  49.3114  110.3910   +260.90   551.1668
  2800    62.2106 114.4587 102.9486  77.2940  48.2750  114.4587   +203.38  1256.8118
  3000    68.0649 116.9734 107.1032  78.1620  48.2391  116.9734   +125.73  3054.0619

  Ω_final = 3054.061931

  === amp=1.0, N=6 (modes=924) ===

  Step    η_k=1     η_k=2     η_k=3     η_k=4     η_k=5     η_k=6     max_η   dmax/dt   Ω_total
  -----  ------------------------------------------------------ -------- --------- ----------
  200     12.3275  19.9624 205.0816 124.4568  83.6446  60.1716  205.0816 +10254.08    21.8951
  400     13.7173  37.9281 158.4389 117.3981  82.1280  59.6950  158.4389  -2332.14    22.4109
  600     15.4782  52.0585 125.7318 103.5459  77.3886  57.6134  125.7318  -1635.35    23.2401
  800     17.6399  62.3566 108.5194  93.1815  72.3891  54.9242  108.5194   -860.62    24.4885
  1000    20.2255  69.6665  98.9589  86.6315  68.5036  52.7091   98.9589   -478.03    26.3596
  1200    23.2517  75.0843  93.5275  82.7900  65.8341  51.2562   93.5275   -271.57    29.2832
  1400    26.7284  79.6021  90.6565  80.7815  64.1344  50.2025   90.6565   -143.55    34.2848
  1600    30.6593  83.9705  89.6082  80.0337  63.1239  49.1399   89.6082    -52.42    44.1589
  1800    35.0405  88.6652  90.0098  80.1775  62.5861  47.8590   90.0098    +20.08    67.4489
  2000    39.8559  93.8736  91.6775  80.9748  62.3853  46.2645   93.8736   +193.19   132.6054
  2200    45.0644  99.4654  94.5464  82.2710  62.4495  44.2883   99.4654   +279.59   340.3315
  2400    50.5787 104.9678  98.6009  83.9605  62.7567  41.9405  104.9678   +275.12  1066.5049
  2600    56.2720 109.6256 103.8319  85.9839  63.3449  39.7863  109.6256   +232.89  3807.4611
  2800    62.3541 112.9421 110.5106  88.3935  64.3359  40.3892  112.9421   +165.83 15094.8974
  3000    72.6174 118.6509 120.5991  91.5758  65.9729  46.6182  120.5991   +382.85 67684.1683

  Ω_final = 67684.168317

############################################################
#  KEY: If max_η < 1 at all times and all N:               #
#    Diffusion dominates at every shell → enstrophy bounded #
#    If max_η > 1 but dmax/dt < 0: transient, self-corrects#
#    If max_η > 1 and dmax/dt > 0: cascade winning, danger #
############################################################
