############################################################
#  LEMMA 9.5 VERIFICATION                                  #
#                                                          #
#  Verify: R_K = |T_K| / (E · Ω^{1/2} · K^{γ-1})       #
#  is bounded at all K, all t, all (A, ν).                #
#  γ = 1.5 (from lemma proof)                            #
#                                                          #
#  If max R_K < ∞: Lemma holds with C = max R_K.         #
############################################################

  ν     Amp    Step    Time     Energy      Enstrophy   R_k=1     R_k=2     R_k=3     R_k=4     R_k=5     R_k=6     R_k=7     R_k=8     maxR    BOUNDED?
  0.010  0.1    200      0.0200    1.631251   51.375465     0.0003    0.0011    0.0024    0.0027    0.0038    0.0034    0.0027    0.0000   0.0038  YES
  0.010  0.1    400      0.0400    1.610893   50.657436     0.0008    0.0035    0.0073    0.0080    0.0111    0.0100    0.0080    0.0000   0.0111  YES
  0.010  0.1    600      0.0600    1.590803   50.024105     0.0013    0.0057    0.0118    0.0126    0.0169    0.0148    0.0120    0.0000   0.0169  YES
  0.010  0.1    800      0.0800    1.570951   49.460183     0.0018    0.0076    0.0155    0.0161    0.0206    0.0176    0.0143    0.0001   0.0206  YES
  0.010  0.1    1000     0.1000    1.551311   48.948721     0.0022    0.0092    0.0182    0.0182    0.0222    0.0182    0.0152    0.0001   0.0222  YES
  0.010  0.1    1200     0.1200    1.531867   48.473075     0.0026    0.0104    0.0201    0.0191    0.0220    0.0174    0.0150    0.0001   0.0220  YES
  0.010  0.1    1400     0.1400    1.512607   48.018675     0.0029    0.0113    0.0210    0.0190    0.0206    0.0157    0.0142    0.0001   0.0210  YES
  0.010  0.1    1600     0.1600    1.493526   47.574056     0.0031    0.0118    0.0212    0.0181    0.0186    0.0139    0.0132    0.0001   0.0212  YES
  0.010  0.1    1800     0.1800    1.474620   47.131059     0.0034    0.0121    0.0209    0.0168    0.0166    0.0123    0.0121    0.0002   0.0209  YES
  0.010  0.1    2000     0.2000    1.455890   46.684420     0.0035    0.0121    0.0201    0.0153    0.0148    0.0111    0.0109    0.0002   0.0201  YES
  0.010  0.1    2200     0.2200    1.437340   46.231112     0.0037    0.0119    0.0189    0.0137    0.0134    0.0102    0.0096    0.0001   0.0189  YES
  0.010  0.1    2400     0.2400    1.418971   45.769708     0.0038    0.0116    0.0176    0.0123    0.0123    0.0097    0.0082    0.0001   0.0176  YES
  0.010  0.1    2600     0.2600    1.400787   45.299871     0.0038    0.0111    0.0162    0.0110    0.0115    0.0093    0.0067    0.0001   0.0162  YES
  0.010  0.1    2800     0.2800    1.382793   44.822007     0.0039    0.0107    0.0147    0.0099    0.0109    0.0089    0.0053    0.0001   0.0147  YES
  0.010  0.1    3000     0.3000    1.364989   44.337009     0.0039    0.0102    0.0133    0.0091    0.0104    0.0085    0.0040    0.0001   0.0133  YES
  0.010  0.1    3200     0.3200    1.347381   43.846075     0.0040    0.0098    0.0119    0.0084    0.0098    0.0079    0.0029    0.0001   0.0119  YES
  0.010  0.1    3400     0.3400    1.329969   43.350563     0.0040    0.0093    0.0106    0.0079    0.0091    0.0072    0.0021    0.0001   0.0106  YES
  0.010  0.1    3600     0.3600    1.312755   42.851874     0.0040    0.0089    0.0093    0.0075    0.0084    0.0065    0.0016    0.0001   0.0093  YES
  0.010  0.1    3800     0.3800    1.295741   42.351359     0.0041    0.0086    0.0082    0.0073    0.0075    0.0057    0.0014    0.0001   0.0086  YES
  0.010  0.1    4000     0.4000    1.278926   41.850265     0.0041    0.0083    0.0071    0.0071    0.0065    0.0048    0.0014    0.0001   0.0083  YES
  0.010  0.1    4200     0.4200    1.262311   41.349695     0.0042    0.0080    0.0062    0.0070    0.0055    0.0040    0.0015    0.0002   0.0080  YES
  0.010  0.1    4400     0.4400    1.245896   40.850601     0.0042    0.0078    0.0054    0.0069    0.0045    0.0032    0.0016    0.0002   0.0078  YES
  0.010  0.1    4600     0.4600    1.229679   40.353786     0.0042    0.0076    0.0047    0.0069    0.0036    0.0024    0.0016    0.0002   0.0076  YES
  0.010  0.1    4800     0.4800    1.213660   39.859905     0.0043    0.0074    0.0041    0.0069    0.0026    0.0017    0.0014    0.0002   0.0074  YES
  0.010  0.1    5000     0.5000    1.197838   39.369468     0.0044    0.0073    0.0035    0.0070    0.0017    0.0011    0.0011    0.0002   0.0073  YES
  → Case max R = 0.022157

  0.010  0.2    200      0.0200    6.525487  206.029463     0.0005    0.0023    0.0049    0.0054    0.0075    0.0068    0.0055    0.0000   0.0075  YES
  0.010  0.2    400      0.0400    6.444122  204.522755     0.0015    0.0066    0.0135    0.0143    0.0187    0.0163    0.0134    0.0000   0.0187  YES
  0.010  0.2    600      0.0600    6.363155  203.779418     0.0023    0.0096    0.0187    0.0184    0.0219    0.0179    0.0153    0.0001   0.0219  YES
  0.010  0.2    800      0.0800    6.282380  203.310759     0.0029    0.0112    0.0204    0.0181    0.0193    0.0149    0.0141    0.0001   0.0204  YES
  0.010  0.2    1000     0.1000    6.201764  202.782712     0.0033    0.0115    0.0194    0.0155    0.0154    0.0118    0.0120    0.0002   0.0194  YES
  0.010  0.2    1200     0.1200    6.121371  202.038217     0.0035    0.0110    0.0170    0.0123    0.0125    0.0101    0.0094    0.0001   0.0170  YES
  0.010  0.2    1400     0.1400    6.041305  201.033206     0.0036    0.0100    0.0140    0.0097    0.0108    0.0092    0.0066    0.0001   0.0140  YES
  0.010  0.2    1600     0.1600    5.961674  199.782807     0.0036    0.0090    0.0111    0.0080    0.0096    0.0083    0.0042    0.0001   0.0111  YES
  0.010  0.2    1800     0.1800    5.882571  198.330257     0.0036    0.0081    0.0085    0.0069    0.0081    0.0068    0.0029    0.0001   0.0085  YES
  0.010  0.2    2000     0.2000    5.804071  196.725617     0.0036    0.0074    0.0063    0.0063    0.0062    0.0051    0.0027    0.0001   0.0074  YES
  0.010  0.2    2200     0.2200    5.726227  195.011918     0.0036    0.0068    0.0045    0.0060    0.0041    0.0034    0.0028    0.0002   0.0068  YES
  0.010  0.2    2400     0.2400    5.649077  193.219893     0.0036    0.0064    0.0033    0.0060    0.0021    0.0019    0.0027    0.0002   0.0064  YES
  0.010  0.2    2600     0.2600    5.572647  191.367632     0.0036    0.0060    0.0024    0.0061    0.0003    0.0007    0.0020    0.0001   0.0061  YES
  0.010  0.2    2800     0.2800    5.496958  189.460960     0.0037    0.0057    0.0018    0.0061    0.0011    0.0002    0.0008    0.0001   0.0061  YES
  0.010  0.2    3000     0.3000    5.422031  187.495377     0.0038    0.0053    0.0016    0.0060    0.0020    0.0008    0.0006    0.0001   0.0060  YES
  0.010  0.2    3200     0.3200    5.347890  185.461628     0.0038    0.0048    0.0015    0.0056    0.0023    0.0011    0.0017    0.0001   0.0056  YES
  0.010  0.2    3400     0.3400    5.274566  183.352200     0.0039    0.0044    0.0016    0.0048    0.0022    0.0013    0.0023    0.0002   0.0048  YES
  0.010  0.2    3600     0.3600    5.202088  181.164327     0.0040    0.0040    0.0017    0.0037    0.0017    0.0013    0.0025    0.0002   0.0040  YES
  0.010  0.2    3800     0.3800    5.130487  178.899556     0.0040    0.0036    0.0018    0.0024    0.0011    0.0015    0.0022    0.0002   0.0040  YES
  0.010  0.2    4000     0.4000    5.059792  176.564030     0.0040    0.0032    0.0020    0.0010    0.0005    0.0016    0.0016    0.0001   0.0040  YES
  0.010  0.2    4200     0.4200    4.990030  174.171989     0.0040    0.0028    0.0021    0.0003    0.0001    0.0017    0.0009    0.0001   0.0040  YES
  0.010  0.2    4400     0.4400    4.921216  171.750142     0.0039    0.0025    0.0021    0.0012    0.0005    0.0016    0.0002    0.0000   0.0039  YES
  0.010  0.2    4600     0.4600    4.853357  169.337984     0.0037    0.0022    0.0020    0.0018    0.0009    0.0014    0.0001    0.0000   0.0037  YES
  0.010  0.2    4800     0.4800    4.786439  166.981416     0.0036    0.0019    0.0019    0.0020    0.0012    0.0009    0.0001    0.0000   0.0036  YES
  0.010  0.2    5000     0.5000    4.720434  164.721993     0.0034    0.0016    0.0019    0.0018    0.0015    0.0004    0.0002    0.0001   0.0034  YES
  → Case max R = 0.021912

  0.010  0.3    200      0.0200   14.684144  465.471785     0.0008    0.0034    0.0071    0.0078    0.0106    0.0095    0.0077    0.0000   0.0106  YES
  0.010  0.3    400      0.0400   14.501434  466.257234     0.0021    0.0088    0.0174    0.0175    0.0214    0.0178    0.0151    0.0001   0.0214  YES
  0.010  0.3    600      0.0600   14.317767  468.517724     0.0030    0.0111    0.0199    0.0173    0.0182    0.0140    0.0137    0.0001   0.0199  YES
  0.010  0.3    800      0.0800   14.133107  470.000143     0.0034    0.0109    0.0172    0.0129    0.0130    0.0105    0.0102    0.0001   0.0172  YES
  0.010  0.3    1000     0.1000   13.947987  470.078201     0.0035    0.0094    0.0128    0.0090    0.0104    0.0090    0.0062    0.0001   0.0128  YES
  0.010  0.3    1200     0.1200   13.763013  468.887416     0.0034    0.0080    0.0086    0.0068    0.0082    0.0072    0.0035    0.0001   0.0086  YES
  0.010  0.3    1400     0.1400   13.578661  466.792670     0.0034    0.0069    0.0054    0.0059    0.0053    0.0046    0.0031    0.0001   0.0069  YES
  0.010  0.3    1600     0.1600   13.395243  464.094809     0.0034    0.0061    0.0032    0.0057    0.0022    0.0022    0.0032    0.0002   0.0061  YES
  0.010  0.3    1800     0.1800   13.212953  460.939142     0.0034    0.0056    0.0020    0.0058    0.0005    0.0004    0.0021    0.0001   0.0058  YES
  0.010  0.3    2000     0.2000   13.031950  457.325456     0.0035    0.0050    0.0014    0.0057    0.0021    0.0006    0.0001    0.0001   0.0057  YES
  0.010  0.3    2200     0.2200   12.852421  453.181932     0.0036    0.0043    0.0013    0.0049    0.0025    0.0011    0.0013    0.0001   0.0049  YES
  0.010  0.3    2400     0.2400   12.674581  448.467911     0.0036    0.0037    0.0014    0.0034    0.0018    0.0013    0.0018    0.0001   0.0037  YES
  0.010  0.3    2600     0.2600   12.498650  443.189780     0.0037    0.0031    0.0016    0.0014    0.0008    0.0015    0.0013    0.0001   0.0037  YES
  0.010  0.3    2800     0.2800   12.324832  437.418347     0.0036    0.0025    0.0016    0.0005    0.0001    0.0017    0.0003    0.0000   0.0036  YES
  0.010  0.3    3000     0.3000   12.153279  431.393825     0.0034    0.0020    0.0016    0.0018    0.0007    0.0015    0.0005    0.0000   0.0034  YES
  0.010  0.3    3200     0.3200   11.984019  425.540805     0.0031    0.0015    0.0015    0.0020    0.0012    0.0007    0.0005    0.0001   0.0031  YES
  0.010  0.3    3400     0.3400   11.816906  420.275248     0.0028    0.0011    0.0014    0.0016    0.0018    0.0002    0.0002    0.0001   0.0028  YES
  0.010  0.3    3600     0.3600   11.651670  415.785620     0.0025    0.0007    0.0015    0.0009    0.0026    0.0009    0.0012    0.0001   0.0026  YES
  0.010  0.3    3800     0.3800   11.488019  411.973814     0.0023    0.0003    0.0018    0.0005    0.0031    0.0011    0.0019    0.0001   0.0031  YES
  0.010  0.3    4000     0.4000   11.325742  408.529911     0.0021    0.0000    0.0020    0.0003    0.0032    0.0010    0.0020    0.0001   0.0032  YES
  0.010  0.3    4200     0.4200   11.164771  405.067496     0.0019    0.0002    0.0022    0.0003    0.0026    0.0010    0.0018    0.0000   0.0026  YES
  0.010  0.3    4400     0.4400   11.005181  401.278053     0.0017    0.0004    0.0023    0.0003    0.0019    0.0011    0.0015    0.0001   0.0023  YES
  0.010  0.3    4600     0.4600   10.847134  397.028858     0.0016    0.0004    0.0021    0.0002    0.0015    0.0013    0.0014    0.0003   0.0021  YES
  0.010  0.3    4800     0.4800   10.690814  392.348182     0.0015    0.0004    0.0018    0.0001    0.0014    0.0012    0.0016    0.0003   0.0018  YES
  0.010  0.3    5000     0.5000   10.536372  387.341448     0.0015    0.0002    0.0013    0.0006    0.0015    0.0007    0.0021    0.0002   0.0021  YES
  → Case max R = 0.021387

  0.010  0.5    200      0.0200   40.805185  1308.311554     0.0012    0.0053    0.0108    0.0114    0.0148    0.0129    0.0107    0.0000   0.0148  YES
  0.010  0.5    400      0.0400   40.302909  1333.164508     0.0029    0.0108    0.0192    0.0168    0.0179    0.0141    0.0136    0.0001   0.0192  YES
  0.010  0.5    600      0.0600   39.789742  1350.741797     0.0033    0.0097    0.0139    0.0100    0.0110    0.0094    0.0077    0.0001   0.0139  YES
  0.010  0.5    800      0.0800   39.270875  1358.274053     0.0033    0.0073    0.0071    0.0062    0.0070    0.0063    0.0036    0.0001   0.0073  YES
  0.010  0.5    1000     0.1000   38.750216  1359.791498     0.0032    0.0059    0.0030    0.0054    0.0019    0.0022    0.0034    0.0002   0.0059  YES
  0.010  0.5    1200     0.1200   38.229487  1356.962970     0.0033    0.0049    0.0014    0.0054    0.0019    0.0003    0.0011    0.0001   0.0054  YES
  0.010  0.5    1400     0.1400   37.710176  1349.099754     0.0034    0.0038    0.0012    0.0040    0.0023    0.0011    0.0011    0.0001   0.0040  YES
  0.010  0.5    1600     0.1600   37.194163  1335.875363     0.0034    0.0028    0.0013    0.0009    0.0007    0.0016    0.0007    0.0001   0.0034  YES
  0.010  0.5    1800     0.1800   36.683149  1318.751293     0.0031    0.0018    0.0013    0.0017    0.0006    0.0015    0.0006    0.0001   0.0031  YES
  0.010  0.5    2000     0.2000   36.177718  1303.503667     0.0027    0.0011    0.0011    0.0018    0.0015    0.0001    0.0004    0.0001   0.0027  YES
  0.010  0.5    2200     0.2200   35.676233  1294.888169     0.0022    0.0004    0.0014    0.0010    0.0026    0.0009    0.0012    0.0002   0.0026  YES
  0.010  0.5    2400     0.2400   35.176405  1290.614873     0.0018    0.0001    0.0019    0.0007    0.0029    0.0010    0.0017    0.0001   0.0029  YES
  0.010  0.5    2600     0.2600   34.677733  1284.686402     0.0015    0.0003    0.0022    0.0007    0.0018    0.0012    0.0011    0.0002   0.0022  YES
  0.010  0.5    2800     0.2800   34.181633  1273.960726     0.0014    0.0003    0.0018    0.0003    0.0011    0.0015    0.0009    0.0003   0.0018  YES
  0.010  0.5    3000     0.3000   33.689894  1259.325481     0.0013    0.0001    0.0010    0.0007    0.0012    0.0008    0.0019    0.0002   0.0019  YES
  0.010  0.5    3200     0.3200   33.203789  1242.641340     0.0013    0.0003    0.0002    0.0016    0.0009    0.0009    0.0030    0.0002   0.0030  YES
  0.010  0.5    3400     0.3400   32.724100  1224.620180     0.0012    0.0006    0.0001    0.0022    0.0004    0.0026    0.0031    0.0003   0.0031  YES
  0.010  0.5    3600     0.3600   32.251472  1205.082029     0.0010    0.0006    0.0001    0.0025    0.0019    0.0034    0.0023    0.0003   0.0034  YES
  0.010  0.5    3800     0.3800   31.786452  1184.409040     0.0007    0.0005    0.0003    0.0021    0.0029    0.0026    0.0007    0.0002   0.0029  YES
  0.010  0.5    4000     0.4000   31.329189  1163.903759     0.0003    0.0005    0.0007    0.0008    0.0030    0.0008    0.0009    0.0001   0.0030  YES
  0.010  0.5    4200     0.4200   30.879342  1144.681856     0.0002    0.0006    0.0010    0.0008    0.0019    0.0003    0.0017    0.0001   0.0019  YES
  0.010  0.5    4400     0.4400   30.436327  1127.213999     0.0002    0.0004    0.0011    0.0019    0.0000    0.0001    0.0013    0.0002   0.0019  YES
  0.010  0.5    4600     0.4600   29.999375  1112.257996     0.0005    0.0000    0.0009    0.0021    0.0021    0.0003    0.0002    0.0003   0.0021  YES
  0.010  0.5    4800     0.4800   29.567391  1100.363941     0.0007    0.0003    0.0008    0.0016    0.0039    0.0001    0.0013    0.0002   0.0039  YES
  0.010  0.5    5000     0.5000   29.139417  1090.133005     0.0009    0.0004    0.0008    0.0006    0.0049    0.0011    0.0031    0.0001   0.0049  YES
  → Case max R = 0.019233

  0.005  0.1    200      0.0200    1.641564   51.803662     0.0003    0.0011    0.0024    0.0027    0.0038    0.0034    0.0028    0.0000   0.0038  YES
  0.005  0.1    400      0.0400    1.631280   51.504362     0.0008    0.0035    0.0073    0.0080    0.0111    0.0100    0.0080    0.0000   0.0111  YES
  0.005  0.1    600      0.0600    1.621047   51.282566     0.0013    0.0056    0.0116    0.0125    0.0168    0.0148    0.0120    0.0000   0.0168  YES
  0.005  0.1    800      0.0800    1.610852   51.124612     0.0017    0.0075    0.0152    0.0159    0.0204    0.0175    0.0144    0.0001   0.0204  YES
  0.005  0.1    1000     0.1000    1.600681   51.014435     0.0021    0.0090    0.0178    0.0179    0.0219    0.0181    0.0153    0.0001   0.0219  YES
  0.005  0.1    1200     0.1200    1.590528   50.935592     0.0025    0.0101    0.0195    0.0187    0.0216    0.0173    0.0151    0.0001   0.0216  YES
  0.005  0.1    1400     0.1400    1.580388   50.873210     0.0028    0.0109    0.0203    0.0185    0.0202    0.0157    0.0144    0.0001   0.0203  YES
  0.005  0.1    1600     0.1600    1.570259   50.815247     0.0030    0.0113    0.0203    0.0176    0.0182    0.0139    0.0135    0.0001   0.0203  YES
  0.005  0.1    1800     0.1800    1.560140   50.752875     0.0032    0.0115    0.0198    0.0162    0.0162    0.0123    0.0124    0.0002   0.0198  YES
  0.005  0.1    2000     0.2000    1.550034   50.680182     0.0033    0.0114    0.0188    0.0146    0.0144    0.0111    0.0113    0.0002   0.0188  YES
  0.005  0.1    2200     0.2200    1.539943   50.593580     0.0034    0.0111    0.0176    0.0130    0.0129    0.0103    0.0100    0.0001   0.0176  YES
  0.005  0.1    2400     0.2400    1.529870   50.491182     0.0035    0.0107    0.0162    0.0115    0.0119    0.0098    0.0087    0.0001   0.0162  YES
  0.005  0.1    2600     0.2600    1.519819   50.372331     0.0035    0.0102    0.0147    0.0102    0.0111    0.0094    0.0073    0.0001   0.0147  YES
  0.005  0.1    2800     0.2800    1.509792   50.237239     0.0036    0.0097    0.0132    0.0091    0.0105    0.0090    0.0059    0.0001   0.0132  YES
  0.005  0.1    3000     0.3000    1.499793   50.086750     0.0036    0.0092    0.0117    0.0083    0.0099    0.0085    0.0047    0.0001   0.0117  YES
  0.005  0.1    3200     0.3200    1.489825   49.922130     0.0036    0.0087    0.0103    0.0076    0.0092    0.0079    0.0037    0.0001   0.0103  YES
  0.005  0.1    3400     0.3400    1.479891   49.744892     0.0036    0.0082    0.0090    0.0070    0.0084    0.0072    0.0030    0.0001   0.0090  YES
  0.005  0.1    3600     0.3600    1.469994   49.556643     0.0036    0.0078    0.0078    0.0066    0.0076    0.0064    0.0027    0.0001   0.0078  YES
  0.005  0.1    3800     0.3800    1.460134   49.358953     0.0036    0.0075    0.0067    0.0064    0.0066    0.0055    0.0026    0.0001   0.0075  YES
  0.005  0.1    4000     0.4000    1.450315   49.153262     0.0036    0.0072    0.0057    0.0061    0.0056    0.0047    0.0026    0.0001   0.0072  YES
  0.005  0.1    4200     0.4200    1.440537   48.940830     0.0036    0.0069    0.0049    0.0060    0.0046    0.0038    0.0028    0.0002   0.0069  YES
  0.005  0.1    4400     0.4400    1.430802   48.722714     0.0036    0.0067    0.0041    0.0060    0.0035    0.0030    0.0028    0.0002   0.0067  YES
  0.005  0.1    4600     0.4600    1.421111   48.499773     0.0036    0.0065    0.0035    0.0059    0.0025    0.0022    0.0028    0.0002   0.0065  YES
  0.005  0.1    4800     0.4800    1.411465   48.272667     0.0036    0.0063    0.0030    0.0060    0.0016    0.0016    0.0026    0.0002   0.0063  YES
  0.005  0.1    5000     0.5000    1.401864   48.041864     0.0036    0.0061    0.0025    0.0060    0.0007    0.0010    0.0022    0.0002   0.0061  YES
  → Case max R = 0.021895

  0.005  0.3    200      0.0200   14.777183  469.355154     0.0008    0.0034    0.0071    0.0077    0.0105    0.0094    0.0077    0.0000   0.0105  YES
  0.005  0.3    400      0.0400   14.686478  474.071726     0.0021    0.0087    0.0172    0.0173    0.0212    0.0177    0.0151    0.0001   0.0212  YES
  0.005  0.3    600      0.0600   14.594414  480.331757     0.0029    0.0109    0.0195    0.0171    0.0179    0.0139    0.0136    0.0001   0.0195  YES
  0.005  0.3    800      0.0800   14.500984  485.820224     0.0033    0.0106    0.0167    0.0125    0.0128    0.0104    0.0103    0.0001   0.0167  YES
  0.005  0.3    1000     0.1000   14.406486  489.853834     0.0033    0.0091    0.0122    0.0087    0.0101    0.0090    0.0064    0.0001   0.0122  YES
  0.005  0.3    1200     0.1200   14.311269  492.544622     0.0033    0.0076    0.0081    0.0065    0.0079    0.0071    0.0038    0.0001   0.0081  YES
  0.005  0.3    1400     0.1400   14.215609  494.256921     0.0032    0.0065    0.0049    0.0056    0.0050    0.0045    0.0035    0.0001   0.0065  YES
  0.005  0.3    1600     0.1600   14.119683  495.284444     0.0032    0.0058    0.0029    0.0053    0.0018    0.0021    0.0035    0.0002   0.0058  YES
  0.005  0.3    1800     0.1800   14.023599  495.747079     0.0032    0.0052    0.0017    0.0054    0.0008    0.0004    0.0024    0.0001   0.0054  YES
  0.005  0.3    2000     0.2000   13.927445  495.611778     0.0032    0.0046    0.0012    0.0052    0.0024    0.0005    0.0005    0.0001   0.0052  YES
  0.005  0.3    2200     0.2200   13.831337  494.793195     0.0033    0.0039    0.0011    0.0044    0.0026    0.0010    0.0008    0.0001   0.0044  YES
  0.005  0.3    2400     0.2400   13.735407  493.255671     0.0033    0.0033    0.0012    0.0028    0.0018    0.0013    0.0011    0.0001   0.0033  YES
  0.005  0.3    2600     0.2600   13.639784  490.996909     0.0033    0.0027    0.0013    0.0007    0.0006    0.0016    0.0006    0.0001   0.0033  YES
  0.005  0.3    2800     0.2800   13.544592  488.095103     0.0032    0.0021    0.0013    0.0011    0.0003    0.0017    0.0003    0.0000   0.0032  YES
  0.005  0.3    3000     0.3000   13.449927  484.887762     0.0030    0.0016    0.0011    0.0020    0.0008    0.0013    0.0009    0.0001   0.0030  YES
  0.005  0.3    3200     0.3200   13.355801  481.962155     0.0027    0.0011    0.0010    0.0020    0.0013    0.0003    0.0007    0.0001   0.0027  YES
  0.005  0.3    3400     0.3400   13.262114  479.842309     0.0023    0.0007    0.0011    0.0014    0.0020    0.0006    0.0002    0.0001   0.0023  YES
  0.005  0.3    3600     0.3600   13.168693  478.694757     0.0021    0.0003    0.0013    0.0009    0.0027    0.0010    0.0012    0.0002   0.0027  YES
  0.005  0.3    3800     0.3800   13.075365  478.280144     0.0018    0.0000    0.0017    0.0007    0.0029    0.0011    0.0017    0.0001   0.0029  YES
  0.005  0.3    4000     0.4000   12.982036  478.095650     0.0017    0.0002    0.0020    0.0008    0.0026    0.0010    0.0016    0.0000   0.0026  YES
  0.005  0.3    4200     0.4200   12.888715  477.614772     0.0015    0.0003    0.0021    0.0008    0.0019    0.0012    0.0011    0.0001   0.0021  YES
  0.005  0.3    4400     0.4400   12.795496  476.508138     0.0014    0.0004    0.0020    0.0007    0.0012    0.0014    0.0007    0.0003   0.0020  YES
  0.005  0.3    4600     0.4600   12.702512  474.709035     0.0013    0.0003    0.0017    0.0002    0.0010    0.0015    0.0008    0.0003   0.0017  YES
  0.005  0.3    4800     0.4800   12.609889  472.328469     0.0013    0.0002    0.0012    0.0004    0.0011    0.0011    0.0014    0.0003   0.0014  YES
  0.005  0.3    5000     0.5000   12.517728  469.542684     0.0013    0.0000    0.0007    0.0010    0.0012    0.0004    0.0022    0.0001   0.0022  YES
  → Case max R = 0.021181

  0.050  0.1    200      0.0200    1.551756   48.090041     0.0002    0.0009    0.0022    0.0026    0.0042    0.0044    0.0052    0.0000   0.0052  YES
  0.050  0.1    400      0.0400    1.459352   44.420852     0.0008    0.0035    0.0077    0.0084    0.0121    0.0113    0.0107    0.0000   0.0121  YES
  0.050  0.1    600      0.0600    1.373901   41.124204     0.0014    0.0060    0.0129    0.0136    0.0184    0.0164    0.0144    0.0000   0.0184  YES
  0.050  0.1    800      0.0800    1.294710   38.147954     0.0020    0.0085    0.0177    0.0178    0.0227    0.0191    0.0163    0.0001   0.0227  YES
  0.050  0.1    1000     0.1000    1.221187   35.446956     0.0026    0.0107    0.0218    0.0207    0.0247    0.0197    0.0166    0.0001   0.0247  YES
  0.050  0.1    1200     0.1200    1.152819   32.983297     0.0032    0.0127    0.0250    0.0223    0.0249    0.0188    0.0158    0.0001   0.0250  YES
  0.050  0.1    1400     0.1400    1.089165   30.725956     0.0038    0.0144    0.0275    0.0229    0.0238    0.0169    0.0144    0.0001   0.0275  YES
  0.050  0.1    1600     0.1600    1.029838   28.649950     0.0043    0.0159    0.0293    0.0227    0.0220    0.0148    0.0129    0.0001   0.0293  YES
  0.050  0.1    1800     0.1800    0.974497   26.735204     0.0048    0.0171    0.0303    0.0219    0.0200    0.0128    0.0112    0.0002   0.0303  YES
  0.050  0.1    2000     0.2000    0.922836   24.965401     0.0054    0.0180    0.0309    0.0208    0.0181    0.0111    0.0096    0.0002   0.0309  YES
  0.050  0.1    2200     0.2200    0.874579   23.327008     0.0059    0.0188    0.0310    0.0195    0.0165    0.0099    0.0079    0.0002   0.0310  YES
  0.050  0.1    2400     0.2400    0.829476   21.808528     0.0064    0.0194    0.0307    0.0182    0.0152    0.0090    0.0062    0.0001   0.0307  YES
  0.050  0.1    2600     0.2600    0.787297   20.399966     0.0069    0.0198    0.0302    0.0171    0.0143    0.0083    0.0044    0.0001   0.0302  YES
  0.050  0.1    2800     0.2800    0.747831   19.092475     0.0074    0.0202    0.0294    0.0161    0.0137    0.0078    0.0026    0.0001   0.0294  YES
  0.050  0.1    3000     0.3000    0.710885   17.878114     0.0079    0.0205    0.0285    0.0154    0.0133    0.0073    0.0009    0.0001   0.0285  YES
  0.050  0.1    3200     0.3200    0.676280   16.749689     0.0085    0.0207    0.0275    0.0148    0.0129    0.0067    0.0007    0.0001   0.0275  YES
  0.050  0.1    3400     0.3400    0.643850   15.700644     0.0091    0.0208    0.0265    0.0143    0.0126    0.0061    0.0021    0.0001   0.0265  YES
  0.050  0.1    3600     0.3600    0.613444   14.724983     0.0097    0.0210    0.0253    0.0140    0.0122    0.0055    0.0032    0.0001   0.0253  YES
  0.050  0.1    3800     0.3800    0.584919   13.817206     0.0103    0.0211    0.0242    0.0139    0.0117    0.0048    0.0041    0.0001   0.0242  YES
  0.050  0.1    4000     0.4000    0.558146   12.972261     0.0109    0.0212    0.0231    0.0137    0.0111    0.0040    0.0047    0.0001   0.0231  YES
  0.050  0.1    4200     0.4200    0.533003   12.185504     0.0116    0.0213    0.0219    0.0136    0.0105    0.0033    0.0050    0.0001   0.0219  YES
  0.050  0.1    4400     0.4400    0.509378   11.452660     0.0123    0.0215    0.0208    0.0135    0.0098    0.0026    0.0052    0.0001   0.0215  YES
  0.050  0.1    4600     0.4600    0.487168   10.769790     0.0131    0.0216    0.0197    0.0135    0.0090    0.0019    0.0052    0.0001   0.0216  YES
  0.050  0.1    4800     0.4800    0.466277   10.133261     0.0138    0.0218    0.0187    0.0134    0.0083    0.0013    0.0052    0.0001   0.0218  YES
  0.050  0.1    5000     0.5000    0.446615    9.539717     0.0146    0.0219    0.0177    0.0132    0.0075    0.0007    0.0052    0.0002   0.0219  YES
  → Case max R = 0.030969

  0.050  0.3    200      0.0200   13.966957  435.675929     0.0008    0.0035    0.0075    0.0082    0.0114    0.0104    0.0091    0.0000   0.0114  YES
  0.050  0.3    400      0.0400   13.126517  408.707928     0.0023    0.0096    0.0192    0.0191    0.0233    0.0193    0.0166    0.0001   0.0233  YES
  0.050  0.3    600      0.0600   12.335868  384.919023     0.0034    0.0128    0.0232    0.0197    0.0203    0.0152    0.0145    0.0002   0.0232  YES
  0.050  0.3    800      0.0800   11.591090  362.292547     0.0041    0.0134    0.0216    0.0154    0.0149    0.0111    0.0104    0.0002   0.0216  YES
  0.050  0.3    1000     0.1000   10.890556  340.364350     0.0045    0.0125    0.0176    0.0116    0.0123    0.0096    0.0056    0.0001   0.0176  YES
  0.050  0.3    1200     0.1200   10.232889  319.218366     0.0048    0.0113    0.0133    0.0096    0.0106    0.0079    0.0018    0.0001   0.0133  YES
  0.050  0.3    1400     0.1400    9.616386  299.036441     0.0051    0.0103    0.0097    0.0088    0.0082    0.0055    0.0006    0.0001   0.0103  YES
  0.050  0.3    1600     0.1600    9.039002  279.954760     0.0055    0.0097    0.0068    0.0086    0.0053    0.0030    0.0006    0.0002   0.0097  YES
  0.050  0.3    1800     0.1800    8.498478  262.036577     0.0058    0.0093    0.0048    0.0087    0.0026    0.0009    0.0002    0.0002   0.0093  YES
  0.050  0.3    2000     0.2000    7.992494  245.274057     0.0063    0.0089    0.0036    0.0089    0.0007    0.0007    0.0022    0.0002   0.0089  YES
  0.050  0.3    2200     0.2200    7.518814  229.593989     0.0067    0.0084    0.0032    0.0089    0.0003    0.0017    0.0045    0.0001   0.0089  YES
  0.050  0.3    2400     0.2400    7.075392  214.886205     0.0072    0.0078    0.0033    0.0083    0.0006    0.0020    0.0064    0.0002   0.0083  YES
  0.050  0.3    2600     0.2600    6.660402  201.046075     0.0076    0.0072    0.0038    0.0071    0.0005    0.0019    0.0073    0.0002   0.0076  YES
  0.050  0.3    2800     0.2800    6.272197  188.003215     0.0079    0.0066    0.0046    0.0054    0.0002    0.0017    0.0071    0.0003   0.0079  YES
  0.050  0.3    3000     0.3000    5.909228  175.727907     0.0082    0.0061    0.0053    0.0035    0.0002    0.0018    0.0061    0.0003   0.0082  YES
  0.050  0.3    3200     0.3200    5.569972  164.220733     0.0085    0.0057    0.0059    0.0018    0.0005    0.0021    0.0047    0.0003   0.0085  YES
  0.050  0.3    3400     0.3400    5.252888  153.492196     0.0086    0.0053    0.0062    0.0006    0.0007    0.0027    0.0037    0.0003   0.0086  YES
  0.050  0.3    3600     0.3600    4.956426  143.540896     0.0086    0.0048    0.0062    0.0000    0.0010    0.0034    0.0032    0.0003   0.0086  YES
  0.050  0.3    3800     0.3800    4.679059  134.339741     0.0086    0.0044    0.0059    0.0001    0.0013    0.0040    0.0033    0.0002   0.0086  YES
  0.050  0.3    4000     0.4000    4.419345  125.835029     0.0085    0.0040    0.0054    0.0002    0.0017    0.0042    0.0038    0.0001   0.0085  YES
  0.050  0.3    4200     0.4200    4.175963  117.956113     0.0083    0.0036    0.0049    0.0008    0.0021    0.0041    0.0043    0.0000   0.0083  YES
  0.050  0.3    4400     0.4400    3.947741  110.629133     0.0081    0.0032    0.0042    0.0015    0.0024    0.0037    0.0048    0.0000   0.0081  YES
  0.050  0.3    4600     0.4600    3.733647  103.788409     0.0079    0.0029    0.0037    0.0023    0.0027    0.0030    0.0053    0.0001   0.0079  YES
  0.050  0.3    4800     0.4800    3.532765   97.382107     0.0077    0.0027    0.0032    0.0031    0.0027    0.0023    0.0057    0.0001   0.0077  YES
  0.050  0.3    5000     0.5000    3.344271   91.372203     0.0076    0.0025    0.0028    0.0038    0.0027    0.0016    0.0062    0.0002   0.0076  YES
  → Case max R = 0.023267

############################################################
#  GLOBAL MAX R = 0.030969                                #
#                                                          #
#  Lemma 9.5 holds with C = 0.0310                      #
#  γ = 1.5, so |T_K| ≤ 0.0310 · E · Ω^{1/2} · K^{0.5} #
#                                                          #
#  Diffusion = ν·K²·E_K.                                  #
#  Cascade bound grows as K^{0.5} (sublinear).           #
#  Diffusion grows as K² (quadratic).                     #
#  Gap: K^{1.5} → diffusion wins at all K.              #
############################################################
