################################################################
#  UNIVERSALITY VERIFICATION — C_s BOUND                      #
################################################################

  ν = 0.001000
  A = 0.3000
  IC = concentrated (2)
  N_max = 8
  N_ceiling = 20 (adaptive)
  dt = 1.00e-04 (CFL-based)
  Total steps = 20000 (T = 2.00)
  Sample interval = 200

============================================================
  PHASE 1: CASCADE EXPONENT AND C_s (fixed N=8)
============================================================

  Modes: 2108

  E(0) = 4.8460552312
  Ω(0) = 27.7335948519

  Step     Time       Energy     Enstrophy  max_Cs     max_Cl    
  200      0.0200     4.845060   27.853934  0.059630   0.028246  
  400      0.0400     4.844055   28.226447  0.176932   0.083256  
  600      0.0600     4.843029   28.850914  0.285357   0.132816  
  800      0.0800     4.841973   29.726922  0.380189   0.174327  
  1000     0.1000     4.840876   30.853025  0.458215   0.206234  
  1200     0.1200     4.839729   32.225331  0.517890   0.228076  
  1400     0.1400     4.838523   33.835764  0.559228   0.240348  
  1600     0.1600     4.837248   35.670558  0.583487   0.244240  
  1800     0.1800     4.835897   37.709445  0.592778   0.244240  
  2000     0.2000     4.834462   39.925900  0.592778   0.244240  
  2200     0.2200     4.832938   42.288697  0.592778   0.244240  
  2400     0.2400     4.831320   44.764852  0.592778   0.244240  
  2600     0.2600     4.829603   47.323439  0.592778   0.244240  
  2800     0.2800     4.827787   49.939152  0.592778   0.244240  
  3000     0.3000     4.825869   52.594417  0.592778   0.244240  
  3200     0.3200     4.823849   55.279559  0.592778   0.244240  
  3400     0.3400     4.821725   57.991457  0.592778   0.244240  
  3600     0.3600     4.819498   60.731450  0.592778   0.244240  
  3800     0.3800     4.817165   63.503088  0.592778   0.244240  
  4000     0.4000     4.814727   66.310040  0.592778   0.244240  
  4200     0.4200     4.812182   69.154384  0.592778   0.244240  
  4400     0.4400     4.809528   72.035436  0.592778   0.244240  
  4600     0.4600     4.806765   74.949186  0.592778   0.244240  
  4800     0.4800     4.803892   77.888239  0.592778   0.244240  
  5000     0.5000     4.800908   80.842164  0.592778   0.244240  
  5200     0.5200     4.797813   83.798293  0.592778   0.244240  
  5400     0.5400     4.794608   86.743086  0.592778   0.244240  
  5600     0.5600     4.791293   89.664169  0.592778   0.244240  
  5800     0.5800     4.787868   92.552746  0.592778   0.244240  
  6000     0.6000     4.784337   95.405583  0.592778   0.244240  
  6200     0.6200     4.780698   98.225341  0.592778   0.244240  
  6400     0.6400     4.776953   101.018385 0.592778   0.244240  
  6600     0.6600     4.773102   103.790613 0.592778   0.244240  
  6800     0.6800     4.769146   106.543426 0.592778   0.244240  
  7000     0.7000     4.765084   109.272210 0.592778   0.244240  
  7200     0.7200     4.760918   111.968001 0.592778   0.244240  
  7400     0.7400     4.756648   114.620631 0.592778   0.244240  
  7600     0.7600     4.752276   117.220800 0.592778   0.244240  
  7800     0.7800     4.747803   119.759780 0.592778   0.244240  
  8000     0.8000     4.743232   122.227677 0.592778   0.244240  
  8200     0.8200     4.738565   124.612283 0.592778   0.244240  
  8400     0.8400     4.733805   126.899954 0.592778   0.244240  
  8600     0.8600     4.728957   129.078236 0.592778   0.244240  
  8800     0.8800     4.724025   131.138835 0.592778   0.244240  
  9000     0.9000     4.719013   133.079697 0.592778   0.244240  
  9200     0.9200     4.713927   134.905753 0.592778   0.244240  
  9400     0.9400     4.708771   136.628286 0.592778   0.244240  
  9600     0.9600     4.703549   138.262724 0.592778   0.244240  
  9800     0.9800     4.698264   139.824898 0.592778   0.244240  
  10000    1.0000     4.692920   141.326939 0.592778   0.244240  
  10200    1.0200     4.687519   142.774787 0.592778   0.244240  
  10400    1.0400     4.682061   144.168780 0.592778   0.244240  
  10600    1.0600     4.676550   145.506894 0.592778   0.244240  
  10800    1.0800     4.670987   146.788558 0.592778   0.244240  
  11000    1.1000     4.665374   148.016819 0.592778   0.244240  
  11200    1.1200     4.659712   149.197937 0.592778   0.244240  
  11400    1.1400     4.654002   150.339285 0.592778   0.244240  
  11600    1.1600     4.648246   151.447266 0.592778   0.244240  
  11800    1.1800     4.642446   152.526547 0.592778   0.244240  
  12000    1.2000     4.636600   153.580501 0.592778   0.244240  
  12200    1.2200     4.630712   154.611694 0.592778   0.244240  
  12400    1.2400     4.624780   155.621371 0.592778   0.244240  
  12600    1.2600     4.618807   156.608029 0.592778   0.244240  
  12800    1.2800     4.612793   157.566208 0.592778   0.244240  
  13000    1.3000     4.606739   158.486634 0.592778   0.244240  
  13200    1.3200     4.600647   159.357806 0.592778   0.244240  
  13400    1.3400     4.594519   160.168112 0.592778   0.244240  
  13600    1.3600     4.588359   160.907464 0.592778   0.244240  
  13800    1.3800     4.582170   161.568073 0.592778   0.244240  
  14000    1.4000     4.575955   162.144728 0.592778   0.244240  
  14200    1.4200     4.569718   162.635090 0.592778   0.244240  
  14400    1.4400     4.563462   163.040163 0.592778   0.244240  
  14600    1.4600     4.557192   163.364703 0.592778   0.244240  
  14800    1.4800     4.550909   163.617245 0.592778   0.244240  
  15000    1.5000     4.544616   163.809606 0.592778   0.244240  
  15200    1.5200     4.538315   163.955948 0.592778   0.244240  
  15400    1.5400     4.532008   164.071504 0.592778   0.244240  
  15600    1.5600     4.525694   164.171066 0.592778   0.244240  
  15800    1.5800     4.519374   164.267444 0.592778   0.244240  
  16000    1.6000     4.513048   164.370258 0.592778   0.244240  
  16200    1.6200     4.506716   164.485363 0.592778   0.244240  
  16400    1.6400     4.500377   164.614954 0.592778   0.244240  
  16600    1.6600     4.494031   164.758160 0.592778   0.244240  
  16800    1.6800     4.487678   164.911844 0.592778   0.244240  
  17000    1.7000     4.481319   165.071426 0.592778   0.244240  
  17200    1.7200     4.474953   165.231548 0.592778   0.244240  
  17400    1.7400     4.468580   165.386417 0.592778   0.244240  
  17600    1.7600     4.462201   165.529709 0.592778   0.244240  
  17800    1.7800     4.455816   165.654161 0.592778   0.244240  
  18000    1.8000     4.449426   165.751259 0.592778   0.244240  
  18200    1.8200     4.443031   165.811488 0.592778   0.244240  
  18400    1.8400     4.436633   165.825395 0.592778   0.244240  
  18600    1.8600     4.430233   165.785295 0.592778   0.244240  
  18800    1.8800     4.423833   165.687062 0.592778   0.244240  
  19000    1.9000     4.417436   165.531427 0.592778   0.244240  
  19200    1.9200     4.411045   165.324451 0.592778   0.244240  
  19400    1.9400     4.404660   165.077137 0.592778   0.244240  
  19600    1.9600     4.398285   164.804312 0.592778   0.244240  
  19800    1.9800     4.391919   164.522890 0.592778   0.244240  
  20000    2.0000     4.385564   164.249632 0.592778   0.244240  

  --- PHASE 1 RESULTS ---
  E(0) = 4.8460552312 → E(T) = 4.3855637016 (change: -9.5024%)
  Ω_max = 165.8253950428
  C_s = 0.592778 (max |T_k|/(E·k^{3/2}))
  C_L = 0.244240 (max |T_k|/(E·Ω^{1/2}·k^{0.5}))
  γ_avg = -2.4275 (averaged over 100 samples)
  γ < 2? YES ✓
  Energy decreasing? YES ✓

============================================================
  PHASE 2: ADAPTIVE N (ceiling 20)
============================================================

  Step     Time     N_act    Energy       Enstrophy    E_top/E      Status    
  200      0.020    3        5.736696e+00 3.383160e+01 5.372e-07    stable (1)
  400      0.040    4        5.735393e+00 3.382793e+01 8.584e-06    EXPAND
  600      0.060    5        1.152232e+01 1.137057e+02 1.248e-02    EXPAND
  800      0.080    6        2.323891e+01 3.438507e+02 3.681e-02    EXPAND
  1000     0.100    7        4.229961e+01 9.475623e+02 1.661e-02    EXPAND
  1200     0.120    8        6.785785e+01 1.986748e+03 3.669e-02    EXPAND
  1400     0.140    9        1.122591e+02 4.229675e+03 1.033e-03    EXPAND
  1600     0.160    10       2.050682e+02 9.551019e+03 1.362e-02    EXPAND
  1800     0.180    11       4.401477e+02 2.409518e+04 4.580e-03    EXPAND
  2000     0.200    12       1.614806e+03 1.026812e+05 6.111e-03    EXPAND
  2200     0.220    13       1.792154e+04 1.426398e+06 1.715e-03    EXPAND
  2400     0.240    13       nan          nan          0.000e+00    stable (1)
  2600     0.260    13       nan          nan          0.000e+00    stable (2)
  2800     0.280    13       nan          nan          0.000e+00    stable (3)
  3000     0.300    13       nan          nan          0.000e+00    stable (4)
  3200     0.320    13       nan          nan          0.000e+00    stable (5)
  3400     0.340    13       nan          nan          0.000e+00    stable (6)
  3600     0.360    13       nan          nan          0.000e+00    stable (7)
  3800     0.380    13       nan          nan          0.000e+00    stable (8)
  4000     0.400    13       nan          nan          0.000e+00    stable (9)
  4200     0.420    13       nan          nan          0.000e+00    stable (10)
  4400     0.440    13       nan          nan          0.000e+00    stable (11)
  4600     0.460    13       nan          nan          0.000e+00    stable (12)
  4800     0.480    13       nan          nan          0.000e+00    stable (13)
  5000     0.500    13       nan          nan          0.000e+00    stable (14)
  5200     0.520    13       nan          nan          0.000e+00    stable (15)
  5400     0.540    13       nan          nan          0.000e+00    stable (16)
  5600     0.560    13       nan          nan          0.000e+00    stable (17)
  5800     0.580    13       nan          nan          0.000e+00    stable (18)
  6000     0.600    13       nan          nan          0.000e+00    stable (19)
  6200     0.620    13       nan          nan          0.000e+00    stable (20)
  6400     0.640    13       nan          nan          0.000e+00    stable (21)
  6600     0.660    13       nan          nan          0.000e+00    stable (22)
  6800     0.680    13       nan          nan          0.000e+00    stable (23)
  7000     0.700    13       nan          nan          0.000e+00    stable (24)
  7200     0.720    13       nan          nan          0.000e+00    stable (25)
  7400     0.740    13       nan          nan          0.000e+00    stable (26)
  7600     0.760    13       nan          nan          0.000e+00    stable (27)
  7800     0.780    13       nan          nan          0.000e+00    stable (28)
  8000     0.800    13       nan          nan          0.000e+00    stable (29)
  8200     0.820    13       nan          nan          0.000e+00    stable (30)
  8400     0.840    13       nan          nan          0.000e+00    stable (31)
  8600     0.860    13       nan          nan          0.000e+00    stable (32)
  8800     0.880    13       nan          nan          0.000e+00    stable (33)
  9000     0.900    13       nan          nan          0.000e+00    stable (34)
  9200     0.920    13       nan          nan          0.000e+00    stable (35)
  9400     0.940    13       nan          nan          0.000e+00    stable (36)
  9600     0.960    13       nan          nan          0.000e+00    stable (37)
  9800     0.980    13       nan          nan          0.000e+00    stable (38)
  10000    1.000    13       nan          nan          0.000e+00    stable (39)
  10200    1.020    13       nan          nan          0.000e+00    stable (40)
  10400    1.040    13       nan          nan          0.000e+00    stable (41)
  10600    1.060    13       nan          nan          0.000e+00    stable (42)
  10800    1.080    13       nan          nan          0.000e+00    stable (43)
  11000    1.100    13       nan          nan          0.000e+00    stable (44)
  11200    1.120    13       nan          nan          0.000e+00    stable (45)
  11400    1.140    13       nan          nan          0.000e+00    stable (46)
  11600    1.160    13       nan          nan          0.000e+00    stable (47)
  11800    1.180    13       nan          nan          0.000e+00    stable (48)
  12000    1.200    13       nan          nan          0.000e+00    stable (49)
  12200    1.220    13       nan          nan          0.000e+00    stable (50)
  12400    1.240    13       nan          nan          0.000e+00    stable (51)
  12600    1.260    13       nan          nan          0.000e+00    stable (52)
  12800    1.280    13       nan          nan          0.000e+00    stable (53)
  13000    1.300    13       nan          nan          0.000e+00    stable (54)
  13200    1.320    13       nan          nan          0.000e+00    stable (55)
  13400    1.340    13       nan          nan          0.000e+00    stable (56)
  13600    1.360    13       nan          nan          0.000e+00    stable (57)
  13800    1.380    13       nan          nan          0.000e+00    stable (58)
  14000    1.400    13       nan          nan          0.000e+00    stable (59)
  14200    1.420    13       nan          nan          0.000e+00    stable (60)
  14400    1.440    13       nan          nan          0.000e+00    stable (61)
  14600    1.460    13       nan          nan          0.000e+00    stable (62)
  14800    1.480    13       nan          nan          0.000e+00    stable (63)
  15000    1.500    13       nan          nan          0.000e+00    stable (64)
  15200    1.520    13       nan          nan          0.000e+00    stable (65)
  15400    1.540    13       nan          nan          0.000e+00    stable (66)
  15600    1.560    13       nan          nan          0.000e+00    stable (67)
  15800    1.580    13       nan          nan          0.000e+00    stable (68)
  16000    1.600    13       nan          nan          0.000e+00    stable (69)
  16200    1.620    13       nan          nan          0.000e+00    stable (70)
  16400    1.640    13       nan          nan          0.000e+00    stable (71)
  16600    1.660    13       nan          nan          0.000e+00    stable (72)
  16800    1.680    13       nan          nan          0.000e+00    stable (73)
  17000    1.700    13       nan          nan          0.000e+00    stable (74)
  17200    1.720    13       nan          nan          0.000e+00    stable (75)
  17400    1.740    13       nan          nan          0.000e+00    stable (76)
  17600    1.760    13       nan          nan          0.000e+00    stable (77)
  17800    1.780    13       nan          nan          0.000e+00    stable (78)
  18000    1.800    13       nan          nan          0.000e+00    stable (79)
  18200    1.820    13       nan          nan          0.000e+00    stable (80)
  18400    1.840    13       nan          nan          0.000e+00    stable (81)
  18600    1.860    13       nan          nan          0.000e+00    stable (82)
  18800    1.880    13       nan          nan          0.000e+00    stable (83)
  19000    1.900    13       nan          nan          0.000e+00    stable (84)
  19200    1.920    13       nan          nan          0.000e+00    stable (85)
  19400    1.940    13       nan          nan          0.000e+00    stable (86)
  19600    1.960    13       nan          nan          0.000e+00    stable (87)
  19800    1.980    13       nan          nan          0.000e+00    stable (88)
  20000    2.000    13       nan          nan          0.000e+00    stable (89)
  20200    2.020    13       nan          nan          0.000e+00    stable (90)
  20400    2.040    13       nan          nan          0.000e+00    stable (91)
  20600    2.060    13       nan          nan          0.000e+00    stable (92)
  20800    2.080    13       nan          nan          0.000e+00    stable (93)
  21000    2.100    13       nan          nan          0.000e+00    stable (94)
  21200    2.120    13       nan          nan          0.000e+00    stable (95)
  21400    2.140    13       nan          nan          0.000e+00    stable (96)
  21600    2.160    13       nan          nan          0.000e+00    stable (97)
  21800    2.180    13       nan          nan          0.000e+00    stable (98)
  22000    2.200    13       nan          nan          0.000e+00    stable (99)
  22200    2.220    13       nan          nan          0.000e+00    stable (100)
  22400    2.240    13       nan          nan          0.000e+00    stable (101)
  22600    2.260    13       nan          nan          0.000e+00    stable (102)
  22800    2.280    13       nan          nan          0.000e+00    stable (103)
  23000    2.300    13       nan          nan          0.000e+00    stable (104)
  23200    2.320    13       nan          nan          0.000e+00    stable (105)
  23400    2.340    13       nan          nan          0.000e+00    stable (106)
  23600    2.360    13       nan          nan          0.000e+00    stable (107)
  23800    2.380    13       nan          nan          0.000e+00    stable (108)
  24000    2.400    13       nan          nan          0.000e+00    stable (109)
  24200    2.420    13       nan          nan          0.000e+00    stable (110)
  24400    2.440    13       nan          nan          0.000e+00    stable (111)
  24600    2.460    13       nan          nan          0.000e+00    stable (112)
  24800    2.480    13       nan          nan          0.000e+00    stable (113)
  25000    2.500    13       nan          nan          0.000e+00    stable (114)
  25200    2.520    13       nan          nan          0.000e+00    stable (115)
  25400    2.540    13       nan          nan          0.000e+00    stable (116)
  25600    2.560    13       nan          nan          0.000e+00    stable (117)
  25800    2.580    13       nan          nan          0.000e+00    stable (118)
  26000    2.600    13       nan          nan          0.000e+00    stable (119)
  26200    2.620    13       nan          nan          0.000e+00    stable (120)
  26400    2.640    13       nan          nan          0.000e+00    stable (121)
  26600    2.660    13       nan          nan          0.000e+00    stable (122)
  26800    2.680    13       nan          nan          0.000e+00    stable (123)
  27000    2.700    13       nan          nan          0.000e+00    stable (124)
  27200    2.720    13       nan          nan          0.000e+00    stable (125)
  27400    2.740    13       nan          nan          0.000e+00    stable (126)
  27600    2.760    13       nan          nan          0.000e+00    stable (127)
  27800    2.780    13       nan          nan          0.000e+00    stable (128)
  28000    2.800    13       nan          nan          0.000e+00    stable (129)
  28200    2.820    13       nan          nan          0.000e+00    stable (130)
  28400    2.840    13       nan          nan          0.000e+00    stable (131)
  28600    2.860    13       nan          nan          0.000e+00    stable (132)
  28800    2.880    13       nan          nan          0.000e+00    stable (133)
  29000    2.900    13       nan          nan          0.000e+00    stable (134)
  29200    2.920    13       nan          nan          0.000e+00    stable (135)
  29400    2.940    13       nan          nan          0.000e+00    stable (136)
  29600    2.960    13       nan          nan          0.000e+00    stable (137)
  29800    2.980    13       nan          nan          0.000e+00    stable (138)
  30000    3.000    13       nan          nan          0.000e+00    stable (139)
  30200    3.020    13       nan          nan          0.000e+00    stable (140)
  30400    3.040    13       nan          nan          0.000e+00    stable (141)
  30600    3.060    13       nan          nan          0.000e+00    stable (142)
  30800    3.080    13       nan          nan          0.000e+00    stable (143)
  31000    3.100    13       nan          nan          0.000e+00    stable (144)
  31200    3.120    13       nan          nan          0.000e+00    stable (145)
  31400    3.140    13       nan          nan          0.000e+00    stable (146)
  31600    3.160    13       nan          nan          0.000e+00    stable (147)
  31800    3.180    13       nan          nan          0.000e+00    stable (148)
  32000    3.200    13       nan          nan          0.000e+00    stable (149)
  32200    3.220    13       nan          nan          0.000e+00    stable (150)
  32400    3.240    13       nan          nan          0.000e+00    stable (151)
  32600    3.260    13       nan          nan          0.000e+00    stable (152)
  32800    3.280    13       nan          nan          0.000e+00    stable (153)
  33000    3.300    13       nan          nan          0.000e+00    stable (154)
  33200    3.320    13       nan          nan          0.000e+00    stable (155)
  33400    3.340    13       nan          nan          0.000e+00    stable (156)
  33600    3.360    13       nan          nan          0.000e+00    stable (157)
  33800    3.380    13       nan          nan          0.000e+00    stable (158)
  34000    3.400    13       nan          nan          0.000e+00    stable (159)
  34200    3.420    13       nan          nan          0.000e+00    stable (160)
  34400    3.440    13       nan          nan          0.000e+00    stable (161)
  34600    3.460    13       nan          nan          0.000e+00    stable (162)
  34800    3.480    13       nan          nan          0.000e+00    stable (163)
  35000    3.500    13       nan          nan          0.000e+00    stable (164)
  35200    3.520    13       nan          nan          0.000e+00    stable (165)
  35400    3.540    13       nan          nan          0.000e+00    stable (166)
  35600    3.560    13       nan          nan          0.000e+00    stable (167)
  35800    3.580    13       nan          nan          0.000e+00    stable (168)
  36000    3.600    13       nan          nan          0.000e+00    stable (169)
  36200    3.620    13       nan          nan          0.000e+00    stable (170)
  36400    3.640    13       nan          nan          0.000e+00    stable (171)
  36600    3.660    13       nan          nan          0.000e+00    stable (172)
  36800    3.680    13       nan          nan          0.000e+00    stable (173)
  37000    3.700    13       nan          nan          0.000e+00    stable (174)
  37200    3.720    13       nan          nan          0.000e+00    stable (175)
  37400    3.740    13       nan          nan          0.000e+00    stable (176)
  37600    3.760    13       nan          nan          0.000e+00    stable (177)
  37800    3.780    13       nan          nan          0.000e+00    stable (178)
  38000    3.800    13       nan          nan          0.000e+00    stable (179)
  38200    3.820    13       nan          nan          0.000e+00    stable (180)
  38400    3.840    13       nan          nan          0.000e+00    stable (181)
  38600    3.860    13       nan          nan          0.000e+00    stable (182)
  38800    3.880    13       nan          nan          0.000e+00    stable (183)
  39000    3.900    13       nan          nan          0.000e+00    stable (184)
  39200    3.920    13       nan          nan          0.000e+00    stable (185)
  39400    3.940    13       nan          nan          0.000e+00    stable (186)
  39600    3.960    13       nan          nan          0.000e+00    stable (187)
  39800    3.980    13       nan          nan          0.000e+00    stable (188)
  40000    4.000    13       nan          nan          0.000e+00    stable (189)

  --- PHASE 2 RESULTS ---
  N_max reached: 13
  N_active at end: 13 (stable for 189 samples)
  E(0) = 5.7380006441 → E(T) = nan (change: nan%)
  Hit ceiling? NO ✓
  Cascade stabilised? YES ✓

################################################################
#  UNIVERSALITY SUMMARY                                       #
################################################################

  ν = 0.001000, A = 0.3000, IC = concentrated
  C_s = 0.592778 (need: bounded, ideally ≤ 0.123)
  C_L = 0.244240 (need: bounded, ideally ≤ 0.031)
  γ = -2.4275 (need: < 2)
  Ω_max = 165.825395 (need: bounded)
  N_stable = 13 (need: finite)
  Energy decreasing: YES

  PASS = C_s bounded AND γ < 2 AND energy decreasing AND N stable
  RESULT: PASS ✓

