################################################################
#  UNIVERSALITY VERIFICATION — C_s BOUND                      #
################################################################

  ν = 0.000100
  A = 1.0000
  IC = distributed (0)
  N_max = 8
  N_ceiling = 24 (adaptive)
  dt = 1.00e-04 (CFL-based)
  Total steps = 20000 (T = 2.00)
  Sample interval = 200

============================================================
  PHASE 1: CASCADE EXPONENT AND C_s (fixed N=8)
============================================================

  Modes: 2108

  E(0) = 165.1914935091
  Ω(0) = 5219.0224994110

  Step     Time       Energy     Enstrophy  max_Cs     max_Cl    
  200      0.0200     165.616575 5520.792833 0.308371   0.015863  
  400      0.0400     166.001473 5817.780139 0.308371   0.015863  
  600      0.0600     166.396935 6003.828868 0.308371   0.015863  
  800      0.0800     166.788695 6094.092237 0.308371   0.015863  
  1000     0.1000     167.157444 6138.557227 0.308371   0.015863  
  1200     0.1200     167.509863 6288.909708 0.308371   0.015863  
  1400     0.1400     167.850264 6384.199473 0.308371   0.015863  
  1600     0.1600     168.178392 6412.837818 0.308371   0.015863  
  1800     0.1800     168.504637 6439.215816 0.308371   0.015863  
  2000     0.2000     168.821820 6469.687248 0.308371   0.015863  
  2200     0.2200     169.129825 6481.833157 0.308371   0.015863  
  2400     0.2400     169.435812 6492.407945 0.308371   0.015863  
  2600     0.2600     169.739263 6489.274348 0.308371   0.015863  
  2800     0.2800     170.037467 6484.812832 0.308371   0.015863  
  3000     0.3000     170.329346 6524.684606 0.308371   0.015863  
  3200     0.3200     170.627726 6545.055710 0.308371   0.015863  
  3400     0.3400     170.941558 6506.582341 0.308371   0.015863  
  3600     0.3600     171.264903 6469.572762 0.308371   0.015863  
  3800     0.3800     171.591656 6485.794408 0.308371   0.015863  
  4000     0.4000     171.918341 6540.139721 0.308371   0.015863  
  4200     0.4200     172.238614 6605.065726 0.308371   0.015863  
  4400     0.4400     172.550616 6626.365905 0.308371   0.015863  
  4600     0.4600     172.865961 6586.488433 0.308371   0.015863  
  4800     0.4800     173.182816 6585.787284 0.308371   0.015863  
  5000     0.5000     173.505545 6593.462524 0.308371   0.015863  
  5200     0.5200     173.836412 6569.298326 0.308371   0.015863  
  5400     0.5400     174.169072 6583.638643 0.308371   0.015863  
  5600     0.5600     174.507007 6620.981513 0.308371   0.015863  
  5800     0.5800     174.844269 6592.294192 0.308371   0.015863  
  6000     0.6000     175.175863 6631.087144 0.308371   0.015863  
  6200     0.6200     175.495913 6693.124520 0.308371   0.015863  
  6400     0.6400     175.815036 6668.507989 0.308371   0.015863  
  6600     0.6600     176.148662 6665.825320 0.308371   0.015863  
  6800     0.6800     176.491936 6675.555413 0.308371   0.015863  
  7000     0.7000     176.833974 6723.301060 0.308371   0.015863  
  7200     0.7200     177.174524 6757.454446 0.308371   0.015863  
  7400     0.7400     177.511692 6738.567109 0.308371   0.015863  
  7600     0.7600     177.844284 6780.081997 0.308371   0.015863  
  7800     0.7800     178.180011 6778.002992 0.308371   0.015863  
  8000     0.8000     178.521547 6691.927454 0.308371   0.015863  
  8200     0.8200     178.867414 6687.043001 0.308371   0.015863  
  8400     0.8400     179.206710 6731.005724 0.308371   0.015863  
  8600     0.8600     179.543653 6741.111476 0.308371   0.015863  
  8800     0.8800     179.889730 6731.082005 0.308371   0.015863  
  9000     0.9000     180.239826 6772.983213 0.308371   0.015863  
  9200     0.9200     180.582686 6847.324765 0.308371   0.015863  
  9400     0.9400     180.926038 6916.413946 0.308371   0.015863  
  9600     0.9600     181.276776 6918.199001 0.308371   0.015863  
  9800     0.9800     181.631473 6864.154084 0.308371   0.015863  
  10000    1.0000     181.989029 6836.723116 0.308371   0.015863  
  10200    1.0200     182.350148 6820.655780 0.308371   0.015863  
  10400    1.0400     182.723715 6870.239976 0.308371   0.015863  
  10600    1.0600     183.094989 7013.174502 0.308371   0.015863  
  10800    1.0800     183.459898 7071.343923 0.308371   0.015863  
  11000    1.1000     183.831786 6999.334142 0.308371   0.015863  
  11200    1.1200     184.212708 6957.999170 0.308371   0.015863  
  11400    1.1400     184.596148 7046.452256 0.308371   0.015863  
  11600    1.1600     184.981459 7128.980627 0.308371   0.015863  
  11800    1.1800     185.376198 7159.264845 0.308371   0.015863  
  12000    1.2000     185.769285 7172.180625 0.308371   0.015863  
  12200    1.2200     186.156501 7145.848871 0.308371   0.015863  
  12400    1.2400     186.533707 7121.224012 0.308371   0.015863  
  12600    1.2600     186.916939 7122.056198 0.308371   0.015863  
  12800    1.2800     187.308628 7139.972410 0.308371   0.015863  
  13000    1.3000     187.702488 7081.717128 0.308371   0.015863  
  13200    1.3200     188.102142 7038.058138 0.308371   0.015863  
  13400    1.3400     188.511312 7141.787312 0.308371   0.015863  
  13600    1.3600     188.925562 7233.623035 0.308371   0.015863  
  13800    1.3800     189.329658 7283.907711 0.308371   0.015863  
  14000    1.4000     189.730183 7202.943190 0.308371   0.015863  
  14200    1.4200     190.138367 7167.562966 0.308371   0.015863  
  14400    1.4400     190.545835 7255.985078 0.308371   0.015863  
  14600    1.4600     190.953507 7194.474449 0.308371   0.015863  
  14800    1.4800     191.358822 7089.589668 0.308371   0.015863  
  15000    1.5000     191.754293 7148.816126 0.308371   0.015863  
  15200    1.5200     192.153428 7202.938383 0.308371   0.015863  
  15400    1.5400     192.556893 7238.909692 0.308371   0.015863  
  15600    1.5600     192.953701 7339.998690 0.308371   0.015863  
  15800    1.5800     193.346096 7422.235683 0.308371   0.015863  
  16000    1.6000     193.737500 7491.001601 0.308371   0.015863  
  16200    1.6200     194.136245 7534.628174 0.308371   0.015863  
  16400    1.6400     194.534382 7545.368407 0.308371   0.015863  
  16600    1.6600     194.935942 7515.686800 0.308371   0.015863  
  16800    1.6800     195.344133 7459.911563 0.308371   0.015863  
  17000    1.7000     195.756450 7460.922307 0.308371   0.015863  
  17200    1.7200     196.178963 7411.353383 0.308371   0.015863  
  17400    1.7400     196.618127 7313.500774 0.308371   0.015863  
  17600    1.7600     197.058055 7326.693217 0.308371   0.015863  
  17800    1.7800     197.493598 7361.780372 0.308371   0.015863  
  18000    1.8000     197.933317 7368.788626 0.308371   0.015863  
  18200    1.8200     198.375482 7427.398404 0.308371   0.015863  
  18400    1.8400     198.819462 7545.673025 0.308371   0.015863  
  18600    1.8600     199.257948 7625.881742 0.308371   0.015863  
  18800    1.8800     199.709582 7686.423484 0.308371   0.015863  
  19000    1.9000     200.195178 7751.967364 0.308371   0.015863  
  19200    1.9200     200.730506 7737.605938 0.308371   0.015863  
  19400    1.9400     201.376750 7746.404080 0.308371   0.015863  
  19600    1.9600     202.317098 7804.836928 0.308371   0.015863  
  19800    1.9800     203.873689 7794.625623 0.308371   0.015863  
  20000    2.0000     206.642058 7788.887552 0.308371   0.015863  

  --- PHASE 1 RESULTS ---
  E(0) = 165.1914935091 → E(T) = 206.6420578101 (change: 25.0924%)
  Ω_max = 7804.8369277662
  C_s = 0.308371 (max |T_k|/(E·k^{3/2}))
  C_L = 0.015863 (max |T_k|/(E·Ω^{1/2}·k^{0.5}))
  γ_avg = 0.1553 (averaged over 100 samples)
  γ < 2? YES ✓
  Energy decreasing? NO ✗

============================================================
  PHASE 2: ADAPTIVE N (ceiling 24)
============================================================

  Step     Time     N_act    Energy       Enstrophy    E_top/E      Status    
  200      0.020    4        2.662631e+01 1.260419e+02 1.476e-01    EXPAND
  400      0.040    5        5.451455e+01 5.024060e+02 8.727e-03    EXPAND
  600      0.060    6        1.154078e+02 1.718045e+03 6.033e-02    EXPAND
  800      0.080    7        2.397698e+02 5.112354e+03 2.058e-02    EXPAND
  1000     0.100    8        5.322237e+02 1.446329e+04 2.073e-02    EXPAND
  1200     0.120    9        1.757817e+03 5.900479e+04 1.097e-03    EXPAND
  1400     0.140    10       1.789946e+04 8.088635e+05 1.250e-02    EXPAND
  1600     0.160    10       nan          nan          0.000e+00    stable (1)
  1800     0.180    10       nan          nan          0.000e+00    stable (2)
  2000     0.200    10       nan          nan          0.000e+00    stable (3)
  2200     0.220    10       nan          nan          0.000e+00    stable (4)
  2400     0.240    10       nan          nan          0.000e+00    stable (5)
  2600     0.260    10       nan          nan          0.000e+00    stable (6)
  2800     0.280    10       nan          nan          0.000e+00    stable (7)
  3000     0.300    10       nan          nan          0.000e+00    stable (8)
  3200     0.320    10       nan          nan          0.000e+00    stable (9)
  3400     0.340    10       nan          nan          0.000e+00    stable (10)
  3600     0.360    10       nan          nan          0.000e+00    stable (11)
  3800     0.380    10       nan          nan          0.000e+00    stable (12)
  4000     0.400    10       nan          nan          0.000e+00    stable (13)
  4200     0.420    10       nan          nan          0.000e+00    stable (14)
  4400     0.440    10       nan          nan          0.000e+00    stable (15)
  4600     0.460    10       nan          nan          0.000e+00    stable (16)
  4800     0.480    10       nan          nan          0.000e+00    stable (17)
  5000     0.500    10       nan          nan          0.000e+00    stable (18)
  5200     0.520    10       nan          nan          0.000e+00    stable (19)
  5400     0.540    10       nan          nan          0.000e+00    stable (20)
  5600     0.560    10       nan          nan          0.000e+00    stable (21)
  5800     0.580    10       nan          nan          0.000e+00    stable (22)
  6000     0.600    10       nan          nan          0.000e+00    stable (23)
  6200     0.620    10       nan          nan          0.000e+00    stable (24)
  6400     0.640    10       nan          nan          0.000e+00    stable (25)
  6600     0.660    10       nan          nan          0.000e+00    stable (26)
  6800     0.680    10       nan          nan          0.000e+00    stable (27)
  7000     0.700    10       nan          nan          0.000e+00    stable (28)
  7200     0.720    10       nan          nan          0.000e+00    stable (29)
  7400     0.740    10       nan          nan          0.000e+00    stable (30)
  7600     0.760    10       nan          nan          0.000e+00    stable (31)
  7800     0.780    10       nan          nan          0.000e+00    stable (32)
  8000     0.800    10       nan          nan          0.000e+00    stable (33)
  8200     0.820    10       nan          nan          0.000e+00    stable (34)
  8400     0.840    10       nan          nan          0.000e+00    stable (35)
  8600     0.860    10       nan          nan          0.000e+00    stable (36)
  8800     0.880    10       nan          nan          0.000e+00    stable (37)
  9000     0.900    10       nan          nan          0.000e+00    stable (38)
  9200     0.920    10       nan          nan          0.000e+00    stable (39)
  9400     0.940    10       nan          nan          0.000e+00    stable (40)
  9600     0.960    10       nan          nan          0.000e+00    stable (41)
  9800     0.980    10       nan          nan          0.000e+00    stable (42)
  10000    1.000    10       nan          nan          0.000e+00    stable (43)
  10200    1.020    10       nan          nan          0.000e+00    stable (44)
  10400    1.040    10       nan          nan          0.000e+00    stable (45)
  10600    1.060    10       nan          nan          0.000e+00    stable (46)
  10800    1.080    10       nan          nan          0.000e+00    stable (47)
  11000    1.100    10       nan          nan          0.000e+00    stable (48)
  11200    1.120    10       nan          nan          0.000e+00    stable (49)
  11400    1.140    10       nan          nan          0.000e+00    stable (50)
  11600    1.160    10       nan          nan          0.000e+00    stable (51)
  11800    1.180    10       nan          nan          0.000e+00    stable (52)
  12000    1.200    10       nan          nan          0.000e+00    stable (53)
  12200    1.220    10       nan          nan          0.000e+00    stable (54)
  12400    1.240    10       nan          nan          0.000e+00    stable (55)
  12600    1.260    10       nan          nan          0.000e+00    stable (56)
  12800    1.280    10       nan          nan          0.000e+00    stable (57)
  13000    1.300    10       nan          nan          0.000e+00    stable (58)
  13200    1.320    10       nan          nan          0.000e+00    stable (59)
  13400    1.340    10       nan          nan          0.000e+00    stable (60)
  13600    1.360    10       nan          nan          0.000e+00    stable (61)
  13800    1.380    10       nan          nan          0.000e+00    stable (62)
  14000    1.400    10       nan          nan          0.000e+00    stable (63)
  14200    1.420    10       nan          nan          0.000e+00    stable (64)
  14400    1.440    10       nan          nan          0.000e+00    stable (65)
  14600    1.460    10       nan          nan          0.000e+00    stable (66)
  14800    1.480    10       nan          nan          0.000e+00    stable (67)
  15000    1.500    10       nan          nan          0.000e+00    stable (68)
  15200    1.520    10       nan          nan          0.000e+00    stable (69)
  15400    1.540    10       nan          nan          0.000e+00    stable (70)
  15600    1.560    10       nan          nan          0.000e+00    stable (71)
  15800    1.580    10       nan          nan          0.000e+00    stable (72)
  16000    1.600    10       nan          nan          0.000e+00    stable (73)
  16200    1.620    10       nan          nan          0.000e+00    stable (74)
  16400    1.640    10       nan          nan          0.000e+00    stable (75)
  16600    1.660    10       nan          nan          0.000e+00    stable (76)
  16800    1.680    10       nan          nan          0.000e+00    stable (77)
  17000    1.700    10       nan          nan          0.000e+00    stable (78)
  17200    1.720    10       nan          nan          0.000e+00    stable (79)
  17400    1.740    10       nan          nan          0.000e+00    stable (80)
  17600    1.760    10       nan          nan          0.000e+00    stable (81)
  17800    1.780    10       nan          nan          0.000e+00    stable (82)
  18000    1.800    10       nan          nan          0.000e+00    stable (83)
  18200    1.820    10       nan          nan          0.000e+00    stable (84)
  18400    1.840    10       nan          nan          0.000e+00    stable (85)
  18600    1.860    10       nan          nan          0.000e+00    stable (86)
  18800    1.880    10       nan          nan          0.000e+00    stable (87)
  19000    1.900    10       nan          nan          0.000e+00    stable (88)
  19200    1.920    10       nan          nan          0.000e+00    stable (89)
  19400    1.940    10       nan          nan          0.000e+00    stable (90)
  19600    1.960    10       nan          nan          0.000e+00    stable (91)
  19800    1.980    10       nan          nan          0.000e+00    stable (92)
  20000    2.000    10       nan          nan          0.000e+00    stable (93)
  20200    2.020    10       nan          nan          0.000e+00    stable (94)
  20400    2.040    10       nan          nan          0.000e+00    stable (95)
  20600    2.060    10       nan          nan          0.000e+00    stable (96)
  20800    2.080    10       nan          nan          0.000e+00    stable (97)
  21000    2.100    10       nan          nan          0.000e+00    stable (98)
  21200    2.120    10       nan          nan          0.000e+00    stable (99)
  21400    2.140    10       nan          nan          0.000e+00    stable (100)
  21600    2.160    10       nan          nan          0.000e+00    stable (101)
  21800    2.180    10       nan          nan          0.000e+00    stable (102)
  22000    2.200    10       nan          nan          0.000e+00    stable (103)
  22200    2.220    10       nan          nan          0.000e+00    stable (104)
  22400    2.240    10       nan          nan          0.000e+00    stable (105)
  22600    2.260    10       nan          nan          0.000e+00    stable (106)
  22800    2.280    10       nan          nan          0.000e+00    stable (107)
  23000    2.300    10       nan          nan          0.000e+00    stable (108)
  23200    2.320    10       nan          nan          0.000e+00    stable (109)
  23400    2.340    10       nan          nan          0.000e+00    stable (110)
  23600    2.360    10       nan          nan          0.000e+00    stable (111)
  23800    2.380    10       nan          nan          0.000e+00    stable (112)
  24000    2.400    10       nan          nan          0.000e+00    stable (113)
  24200    2.420    10       nan          nan          0.000e+00    stable (114)
  24400    2.440    10       nan          nan          0.000e+00    stable (115)
  24600    2.460    10       nan          nan          0.000e+00    stable (116)
  24800    2.480    10       nan          nan          0.000e+00    stable (117)
  25000    2.500    10       nan          nan          0.000e+00    stable (118)
  25200    2.520    10       nan          nan          0.000e+00    stable (119)
  25400    2.540    10       nan          nan          0.000e+00    stable (120)
  25600    2.560    10       nan          nan          0.000e+00    stable (121)
  25800    2.580    10       nan          nan          0.000e+00    stable (122)
  26000    2.600    10       nan          nan          0.000e+00    stable (123)
  26200    2.620    10       nan          nan          0.000e+00    stable (124)
  26400    2.640    10       nan          nan          0.000e+00    stable (125)
  26600    2.660    10       nan          nan          0.000e+00    stable (126)
  26800    2.680    10       nan          nan          0.000e+00    stable (127)
  27000    2.700    10       nan          nan          0.000e+00    stable (128)
  27200    2.720    10       nan          nan          0.000e+00    stable (129)
  27400    2.740    10       nan          nan          0.000e+00    stable (130)
  27600    2.760    10       nan          nan          0.000e+00    stable (131)
  27800    2.780    10       nan          nan          0.000e+00    stable (132)
  28000    2.800    10       nan          nan          0.000e+00    stable (133)
  28200    2.820    10       nan          nan          0.000e+00    stable (134)
  28400    2.840    10       nan          nan          0.000e+00    stable (135)
  28600    2.860    10       nan          nan          0.000e+00    stable (136)
  28800    2.880    10       nan          nan          0.000e+00    stable (137)
  29000    2.900    10       nan          nan          0.000e+00    stable (138)
  29200    2.920    10       nan          nan          0.000e+00    stable (139)
  29400    2.940    10       nan          nan          0.000e+00    stable (140)
  29600    2.960    10       nan          nan          0.000e+00    stable (141)
  29800    2.980    10       nan          nan          0.000e+00    stable (142)
  30000    3.000    10       nan          nan          0.000e+00    stable (143)
  30200    3.020    10       nan          nan          0.000e+00    stable (144)
  30400    3.040    10       nan          nan          0.000e+00    stable (145)
  30600    3.060    10       nan          nan          0.000e+00    stable (146)
  30800    3.080    10       nan          nan          0.000e+00    stable (147)
  31000    3.100    10       nan          nan          0.000e+00    stable (148)
  31200    3.120    10       nan          nan          0.000e+00    stable (149)
  31400    3.140    10       nan          nan          0.000e+00    stable (150)
  31600    3.160    10       nan          nan          0.000e+00    stable (151)
  31800    3.180    10       nan          nan          0.000e+00    stable (152)
  32000    3.200    10       nan          nan          0.000e+00    stable (153)
  32200    3.220    10       nan          nan          0.000e+00    stable (154)
  32400    3.240    10       nan          nan          0.000e+00    stable (155)
  32600    3.260    10       nan          nan          0.000e+00    stable (156)
  32800    3.280    10       nan          nan          0.000e+00    stable (157)
  33000    3.300    10       nan          nan          0.000e+00    stable (158)
  33200    3.320    10       nan          nan          0.000e+00    stable (159)
  33400    3.340    10       nan          nan          0.000e+00    stable (160)
  33600    3.360    10       nan          nan          0.000e+00    stable (161)
  33800    3.380    10       nan          nan          0.000e+00    stable (162)
  34000    3.400    10       nan          nan          0.000e+00    stable (163)
  34200    3.420    10       nan          nan          0.000e+00    stable (164)
  34400    3.440    10       nan          nan          0.000e+00    stable (165)
  34600    3.460    10       nan          nan          0.000e+00    stable (166)
  34800    3.480    10       nan          nan          0.000e+00    stable (167)
  35000    3.500    10       nan          nan          0.000e+00    stable (168)
  35200    3.520    10       nan          nan          0.000e+00    stable (169)
  35400    3.540    10       nan          nan          0.000e+00    stable (170)
  35600    3.560    10       nan          nan          0.000e+00    stable (171)
  35800    3.580    10       nan          nan          0.000e+00    stable (172)
  36000    3.600    10       nan          nan          0.000e+00    stable (173)
  36200    3.620    10       nan          nan          0.000e+00    stable (174)
  36400    3.640    10       nan          nan          0.000e+00    stable (175)
  36600    3.660    10       nan          nan          0.000e+00    stable (176)
  36800    3.680    10       nan          nan          0.000e+00    stable (177)
  37000    3.700    10       nan          nan          0.000e+00    stable (178)
  37200    3.720    10       nan          nan          0.000e+00    stable (179)
  37400    3.740    10       nan          nan          0.000e+00    stable (180)
  37600    3.760    10       nan          nan          0.000e+00    stable (181)
  37800    3.780    10       nan          nan          0.000e+00    stable (182)
  38000    3.800    10       nan          nan          0.000e+00    stable (183)
  38200    3.820    10       nan          nan          0.000e+00    stable (184)
  38400    3.840    10       nan          nan          0.000e+00    stable (185)
  38600    3.860    10       nan          nan          0.000e+00    stable (186)
  38800    3.880    10       nan          nan          0.000e+00    stable (187)
  39000    3.900    10       nan          nan          0.000e+00    stable (188)
  39200    3.920    10       nan          nan          0.000e+00    stable (189)
  39400    3.940    10       nan          nan          0.000e+00    stable (190)
  39600    3.960    10       nan          nan          0.000e+00    stable (191)
  39800    3.980    10       nan          nan          0.000e+00    stable (192)
  40000    4.000    10       nan          nan          0.000e+00    stable (193)

  --- PHASE 2 RESULTS ---
  N_max reached: 10
  N_active at end: 10 (stable for 193 samples)
  E(0) = 26.6238295476 → E(T) = nan (change: nan%)
  Hit ceiling? NO ✓
  Cascade stabilised? YES ✓

################################################################
#  UNIVERSALITY SUMMARY                                       #
################################################################

  ν = 0.000100, A = 1.0000, IC = distributed
  C_s = 0.308371 (need: bounded, ideally ≤ 0.123)
  C_L = 0.015863 (need: bounded, ideally ≤ 0.031)
  γ = 0.1553 (need: < 2)
  Ω_max = 7804.836928 (need: bounded)
  N_stable = 10 (need: finite)
  Energy decreasing: NO

  PASS = C_s bounded AND γ < 2 AND energy decreasing AND N stable
  RESULT: FAIL ✗

