################################################################
#  UNIVERSALITY VERIFICATION — C_s BOUND                      #
################################################################

  ν = 0.010000
  A = 1.0000
  IC = distributed (0)
  N_max = 8
  N_ceiling = 20 (adaptive)
  dt = 1.00e-04 (CFL-based)
  Total steps = 20000 (T = 2.00)
  Sample interval = 200

============================================================
  PHASE 1: CASCADE EXPONENT AND C_s (fixed N=8)
============================================================

  Modes: 2108

  E(0) = 165.1914935091
  Ω(0) = 5219.0224994110

  Step     Time       Energy     Enstrophy  max_Cs     max_Cl    
  200      0.0200     163.515255 5430.488909 0.311183   0.016146  
  400      0.0400     161.691366 5631.070940 0.311183   0.016146  
  600      0.0600     159.812491 5721.562264 0.311183   0.016146  
  800      0.0800     157.901905 5722.880675 0.311183   0.016146  
  1000     0.1000     155.975193 5676.294408 0.311183   0.016146  
  1200     0.1200     154.026170 5720.939322 0.311183   0.016146  
  1400     0.1400     152.042566 5730.869970 0.311183   0.016146  
  1600     0.1600     150.050976 5673.524633 0.311183   0.016146  
  1800     0.1800     148.075380 5595.689711 0.311183   0.016146  
  2000     0.2000     146.119600 5514.124809 0.311183   0.016146  
  2200     0.2200     144.177805 5444.281147 0.311183   0.016146  
  2400     0.2400     142.248877 5392.225068 0.311183   0.016146  
  2600     0.2600     140.337832 5328.664214 0.311183   0.016146  
  2800     0.2800     138.454657 5237.686303 0.311183   0.016146  
  3000     0.3000     136.594901 5155.542122 0.311183   0.016146  
  3200     0.3200     134.757775 5073.261652 0.311183   0.016146  
  3400     0.3400     132.943128 5019.430472 0.311183   0.016146  
  3600     0.3600     131.146922 4963.054794 0.311183   0.016146  
  3800     0.3800     129.377068 4878.694534 0.311183   0.016146  
  4000     0.4000     127.629963 4829.899788 0.311183   0.016146  
  4200     0.4200     125.894403 4791.594261 0.311183   0.016146  
  4400     0.4400     124.176924 4723.035674 0.311183   0.016146  
  4600     0.4600     122.486971 4633.470616 0.311183   0.016146  
  4800     0.4800     120.824705 4551.745323 0.311183   0.016146  
  5000     0.5000     119.185824 4473.654812 0.311183   0.016146  
  5200     0.5200     117.573900 4395.323102 0.311183   0.016146  
  5400     0.5400     115.985175 4341.439880 0.311183   0.016146  
  5600     0.5600     114.409004 4301.652723 0.311183   0.016146  
  5800     0.5800     112.845705 4242.466908 0.311183   0.016146  
  6000     0.6000     111.308612 4160.808174 0.311183   0.016146  
  6200     0.6200     109.798682 4098.240767 0.311183   0.016146  
  6400     0.6400     108.304732 4067.162200 0.311183   0.016146  
  6600     0.6600     106.822158 4034.414044 0.311183   0.016146  
  6800     0.6800     105.354997 3989.244115 0.311183   0.016146  
  7000     0.7000     103.898649 3956.858155 0.311183   0.016146  
  7200     0.7200     102.447114 3923.414288 0.311183   0.016146  
  7400     0.7400     101.006023 3875.938481 0.311183   0.016146  
  7600     0.7600     99.584623  3801.288578 0.311183   0.016146  
  7800     0.7800     98.193080  3710.621280 0.311183   0.016146  
  8000     0.8000     96.833256  3631.820810 0.311183   0.016146  
  8200     0.8200     95.501402  3563.564612 0.311183   0.016146  
  8400     0.8400     94.191335  3506.985754 0.311183   0.016146  
  8600     0.8600     92.898460  3458.381969 0.311183   0.016146  
  8800     0.8800     91.623252  3413.300429 0.311183   0.016146  
  9000     0.9000     90.363608  3380.790716 0.311183   0.016146  
  9200     0.9200     89.111905  3357.782591 0.311183   0.016146  
  9400     0.9400     87.868381  3316.183664 0.311183   0.016146  
  9600     0.9600     86.643069  3255.739133 0.311183   0.016146  
  9800     0.9800     85.437293  3209.359838 0.311183   0.016146  
  10000    1.0000     84.243937  3179.562395 0.311183   0.016146  
  10200    1.0200     83.059228  3148.959126 0.311183   0.016146  
  10400    1.0400     81.886076  3108.596069 0.311183   0.016146  
  10600    1.0600     80.725973  3069.771020 0.311183   0.016146  
  10800    1.0800     79.579509  3030.843322 0.311183   0.016146  
  11000    1.1000     78.450221  2981.647298 0.311183   0.016146  
  11200    1.1200     77.342666  2920.797355 0.311183   0.016146  
  11400    1.1400     76.257960  2865.125977 0.311183   0.016146  
  11600    1.1600     75.190918  2823.921048 0.311183   0.016146  
  11800    1.1800     74.137334  2786.583213 0.311183   0.016146  
  12000    1.2000     73.094709  2757.389889 0.311183   0.016146  
  12200    1.2200     72.058808  2736.936435 0.311183   0.016146  
  12400    1.2400     71.030731  2701.350777 0.311183   0.016146  
  12600    1.2600     70.018811  2646.968404 0.311183   0.016146  
  12800    1.2800     69.027045  2594.703553 0.311183   0.016146  
  13000    1.3000     68.052085  2555.700718 0.311183   0.016146  
  13200    1.3200     67.088169  2529.658821 0.311183   0.016146  
  13400    1.3400     66.131525  2507.738714 0.311183   0.016146  
  13600    1.3600     65.184363  2472.685012 0.311183   0.016146  
  13800    1.3800     64.254342  2419.932753 0.311183   0.016146  
  14000    1.4000     63.345157  2368.417605 0.311183   0.016146  
  14200    1.4200     62.452522  2330.512106 0.311183   0.016146  
  14400    1.4400     61.571806  2299.532381 0.311183   0.016146  
  14600    1.4600     60.702787  2264.901893 0.311183   0.016146  
  14800    1.4800     59.848174  2224.299623 0.311183   0.016146  
  15000    1.5000     59.009997  2182.061111 0.311183   0.016146  
  15200    1.5200     58.187510  2143.991685 0.311183   0.016146  
  15400    1.5400     57.378380  2110.164951 0.311183   0.016146  
  15600    1.5600     56.581283  2077.472767 0.311183   0.016146  
  15800    1.5800     55.795652  2046.759998 0.311183   0.016146  
  16000    1.6000     55.020178  2021.351236 0.311183   0.016146  
  16200    1.6200     54.252596  2000.576883 0.311183   0.016146  
  16400    1.6400     53.491580  1980.248881 0.311183   0.016146  
  16600    1.6600     52.737324  1957.606230 0.311183   0.016146  
  16800    1.6800     51.991782  1927.827419 0.311183   0.016146  
  17000    1.7000     51.258486  1892.159361 0.311183   0.016146  
  17200    1.7200     50.537942  1862.212415 0.311183   0.016146  
  17400    1.7400     49.826687  1841.400164 0.311183   0.016146  
  17600    1.7600     49.122374  1822.796395 0.311183   0.016146  
  17800    1.7800     48.425271  1802.873322 0.311183   0.016146  
  18000    1.8000     47.735715  1783.628589 0.311183   0.016146  
  18200    1.8200     47.052992  1765.606157 0.311183   0.016146  
  18400    1.8400     46.377120  1743.849002 0.311183   0.016146  
  18600    1.8600     45.710467  1713.555295 0.311183   0.016146  
  18800    1.8800     45.056104  1678.699789 0.311183   0.016146  
  19000    1.9000     44.414226  1648.933059 0.311183   0.016146  
  19200    1.9200     43.781900  1627.749772 0.311183   0.016146  
  19400    1.9400     43.156181  1611.524603 0.311183   0.016146  
  19600    1.9600     42.535829  1596.589979 0.311183   0.016146  
  19800    1.9800     41.920819  1580.675762 0.311183   0.016146  
  20000    2.0000     41.312058  1561.275163 0.311183   0.016146  

  --- PHASE 1 RESULTS ---
  E(0) = 165.1914935091 → E(T) = 41.3120581660 (change: -74.9914%)
  Ω_max = 5730.8699700053
  C_s = 0.311183 (max |T_k|/(E·k^{3/2}))
  C_L = 0.016146 (max |T_k|/(E·Ω^{1/2}·k^{0.5}))
  γ_avg = 0.0718 (averaged over 100 samples)
  γ < 2? YES ✓
  Energy decreasing? YES ✓

============================================================
  PHASE 2: ADAPTIVE N (ceiling 20)
============================================================

  Step     Time     N_act    Energy       Enstrophy    E_top/E      Status    
  200      0.020    4        2.657664e+01 1.257365e+02 1.474e-01    EXPAND
  400      0.040    5        5.398288e+01 4.953473e+02 5.422e-03    EXPAND
  600      0.060    6        1.125008e+02 1.681447e+03 6.068e-02    EXPAND
  800      0.080    7        2.302116e+02 4.901742e+03 2.062e-02    EXPAND
  1000     0.100    8        4.902558e+02 1.338942e+04 2.188e-02    EXPAND
  1200     0.120    9        1.541067e+03 5.156863e+04 1.555e-03    EXPAND
  1400     0.140    10       1.331242e+04 5.964686e+05 1.472e-02    EXPAND
  1600     0.160    10       nan          nan          0.000e+00    stable (1)
  1800     0.180    10       nan          nan          0.000e+00    stable (2)
  2000     0.200    10       nan          nan          0.000e+00    stable (3)
  2200     0.220    10       nan          nan          0.000e+00    stable (4)
  2400     0.240    10       nan          nan          0.000e+00    stable (5)
  2600     0.260    10       nan          nan          0.000e+00    stable (6)
  2800     0.280    10       nan          nan          0.000e+00    stable (7)
  3000     0.300    10       nan          nan          0.000e+00    stable (8)
  3200     0.320    10       nan          nan          0.000e+00    stable (9)
  3400     0.340    10       nan          nan          0.000e+00    stable (10)
  3600     0.360    10       nan          nan          0.000e+00    stable (11)
  3800     0.380    10       nan          nan          0.000e+00    stable (12)
  4000     0.400    10       nan          nan          0.000e+00    stable (13)
  4200     0.420    10       nan          nan          0.000e+00    stable (14)
  4400     0.440    10       nan          nan          0.000e+00    stable (15)
  4600     0.460    10       nan          nan          0.000e+00    stable (16)
  4800     0.480    10       nan          nan          0.000e+00    stable (17)
  5000     0.500    10       nan          nan          0.000e+00    stable (18)
  5200     0.520    10       nan          nan          0.000e+00    stable (19)
  5400     0.540    10       nan          nan          0.000e+00    stable (20)
  5600     0.560    10       nan          nan          0.000e+00    stable (21)
  5800     0.580    10       nan          nan          0.000e+00    stable (22)
  6000     0.600    10       nan          nan          0.000e+00    stable (23)
  6200     0.620    10       nan          nan          0.000e+00    stable (24)
  6400     0.640    10       nan          nan          0.000e+00    stable (25)
  6600     0.660    10       nan          nan          0.000e+00    stable (26)
  6800     0.680    10       nan          nan          0.000e+00    stable (27)
  7000     0.700    10       nan          nan          0.000e+00    stable (28)
  7200     0.720    10       nan          nan          0.000e+00    stable (29)
  7400     0.740    10       nan          nan          0.000e+00    stable (30)
  7600     0.760    10       nan          nan          0.000e+00    stable (31)
  7800     0.780    10       nan          nan          0.000e+00    stable (32)
  8000     0.800    10       nan          nan          0.000e+00    stable (33)
  8200     0.820    10       nan          nan          0.000e+00    stable (34)
  8400     0.840    10       nan          nan          0.000e+00    stable (35)
  8600     0.860    10       nan          nan          0.000e+00    stable (36)
  8800     0.880    10       nan          nan          0.000e+00    stable (37)
  9000     0.900    10       nan          nan          0.000e+00    stable (38)
  9200     0.920    10       nan          nan          0.000e+00    stable (39)
  9400     0.940    10       nan          nan          0.000e+00    stable (40)
  9600     0.960    10       nan          nan          0.000e+00    stable (41)
  9800     0.980    10       nan          nan          0.000e+00    stable (42)
  10000    1.000    10       nan          nan          0.000e+00    stable (43)
  10200    1.020    10       nan          nan          0.000e+00    stable (44)
  10400    1.040    10       nan          nan          0.000e+00    stable (45)
  10600    1.060    10       nan          nan          0.000e+00    stable (46)
  10800    1.080    10       nan          nan          0.000e+00    stable (47)
  11000    1.100    10       nan          nan          0.000e+00    stable (48)
  11200    1.120    10       nan          nan          0.000e+00    stable (49)
  11400    1.140    10       nan          nan          0.000e+00    stable (50)
  11600    1.160    10       nan          nan          0.000e+00    stable (51)
  11800    1.180    10       nan          nan          0.000e+00    stable (52)
  12000    1.200    10       nan          nan          0.000e+00    stable (53)
  12200    1.220    10       nan          nan          0.000e+00    stable (54)
  12400    1.240    10       nan          nan          0.000e+00    stable (55)
  12600    1.260    10       nan          nan          0.000e+00    stable (56)
  12800    1.280    10       nan          nan          0.000e+00    stable (57)
  13000    1.300    10       nan          nan          0.000e+00    stable (58)
  13200    1.320    10       nan          nan          0.000e+00    stable (59)
  13400    1.340    10       nan          nan          0.000e+00    stable (60)
  13600    1.360    10       nan          nan          0.000e+00    stable (61)
  13800    1.380    10       nan          nan          0.000e+00    stable (62)
  14000    1.400    10       nan          nan          0.000e+00    stable (63)
  14200    1.420    10       nan          nan          0.000e+00    stable (64)
  14400    1.440    10       nan          nan          0.000e+00    stable (65)
  14600    1.460    10       nan          nan          0.000e+00    stable (66)
  14800    1.480    10       nan          nan          0.000e+00    stable (67)
  15000    1.500    10       nan          nan          0.000e+00    stable (68)
  15200    1.520    10       nan          nan          0.000e+00    stable (69)
  15400    1.540    10       nan          nan          0.000e+00    stable (70)
  15600    1.560    10       nan          nan          0.000e+00    stable (71)
  15800    1.580    10       nan          nan          0.000e+00    stable (72)
  16000    1.600    10       nan          nan          0.000e+00    stable (73)
  16200    1.620    10       nan          nan          0.000e+00    stable (74)
  16400    1.640    10       nan          nan          0.000e+00    stable (75)
  16600    1.660    10       nan          nan          0.000e+00    stable (76)
  16800    1.680    10       nan          nan          0.000e+00    stable (77)
  17000    1.700    10       nan          nan          0.000e+00    stable (78)
  17200    1.720    10       nan          nan          0.000e+00    stable (79)
  17400    1.740    10       nan          nan          0.000e+00    stable (80)
  17600    1.760    10       nan          nan          0.000e+00    stable (81)
  17800    1.780    10       nan          nan          0.000e+00    stable (82)
  18000    1.800    10       nan          nan          0.000e+00    stable (83)
  18200    1.820    10       nan          nan          0.000e+00    stable (84)
  18400    1.840    10       nan          nan          0.000e+00    stable (85)
  18600    1.860    10       nan          nan          0.000e+00    stable (86)
  18800    1.880    10       nan          nan          0.000e+00    stable (87)
  19000    1.900    10       nan          nan          0.000e+00    stable (88)
  19200    1.920    10       nan          nan          0.000e+00    stable (89)
  19400    1.940    10       nan          nan          0.000e+00    stable (90)
  19600    1.960    10       nan          nan          0.000e+00    stable (91)
  19800    1.980    10       nan          nan          0.000e+00    stable (92)
  20000    2.000    10       nan          nan          0.000e+00    stable (93)
  20200    2.020    10       nan          nan          0.000e+00    stable (94)
  20400    2.040    10       nan          nan          0.000e+00    stable (95)
  20600    2.060    10       nan          nan          0.000e+00    stable (96)
  20800    2.080    10       nan          nan          0.000e+00    stable (97)
  21000    2.100    10       nan          nan          0.000e+00    stable (98)
  21200    2.120    10       nan          nan          0.000e+00    stable (99)
  21400    2.140    10       nan          nan          0.000e+00    stable (100)
  21600    2.160    10       nan          nan          0.000e+00    stable (101)
  21800    2.180    10       nan          nan          0.000e+00    stable (102)
  22000    2.200    10       nan          nan          0.000e+00    stable (103)
  22200    2.220    10       nan          nan          0.000e+00    stable (104)
  22400    2.240    10       nan          nan          0.000e+00    stable (105)
  22600    2.260    10       nan          nan          0.000e+00    stable (106)
  22800    2.280    10       nan          nan          0.000e+00    stable (107)
  23000    2.300    10       nan          nan          0.000e+00    stable (108)
  23200    2.320    10       nan          nan          0.000e+00    stable (109)
  23400    2.340    10       nan          nan          0.000e+00    stable (110)
  23600    2.360    10       nan          nan          0.000e+00    stable (111)
  23800    2.380    10       nan          nan          0.000e+00    stable (112)
  24000    2.400    10       nan          nan          0.000e+00    stable (113)
  24200    2.420    10       nan          nan          0.000e+00    stable (114)
  24400    2.440    10       nan          nan          0.000e+00    stable (115)
  24600    2.460    10       nan          nan          0.000e+00    stable (116)
  24800    2.480    10       nan          nan          0.000e+00    stable (117)
  25000    2.500    10       nan          nan          0.000e+00    stable (118)
  25200    2.520    10       nan          nan          0.000e+00    stable (119)
  25400    2.540    10       nan          nan          0.000e+00    stable (120)
  25600    2.560    10       nan          nan          0.000e+00    stable (121)
  25800    2.580    10       nan          nan          0.000e+00    stable (122)
  26000    2.600    10       nan          nan          0.000e+00    stable (123)
  26200    2.620    10       nan          nan          0.000e+00    stable (124)
  26400    2.640    10       nan          nan          0.000e+00    stable (125)
  26600    2.660    10       nan          nan          0.000e+00    stable (126)
  26800    2.680    10       nan          nan          0.000e+00    stable (127)
  27000    2.700    10       nan          nan          0.000e+00    stable (128)
  27200    2.720    10       nan          nan          0.000e+00    stable (129)
  27400    2.740    10       nan          nan          0.000e+00    stable (130)
  27600    2.760    10       nan          nan          0.000e+00    stable (131)
  27800    2.780    10       nan          nan          0.000e+00    stable (132)
  28000    2.800    10       nan          nan          0.000e+00    stable (133)
  28200    2.820    10       nan          nan          0.000e+00    stable (134)
  28400    2.840    10       nan          nan          0.000e+00    stable (135)
  28600    2.860    10       nan          nan          0.000e+00    stable (136)
  28800    2.880    10       nan          nan          0.000e+00    stable (137)
  29000    2.900    10       nan          nan          0.000e+00    stable (138)
  29200    2.920    10       nan          nan          0.000e+00    stable (139)
  29400    2.940    10       nan          nan          0.000e+00    stable (140)
  29600    2.960    10       nan          nan          0.000e+00    stable (141)
  29800    2.980    10       nan          nan          0.000e+00    stable (142)
  30000    3.000    10       nan          nan          0.000e+00    stable (143)
  30200    3.020    10       nan          nan          0.000e+00    stable (144)
  30400    3.040    10       nan          nan          0.000e+00    stable (145)
  30600    3.060    10       nan          nan          0.000e+00    stable (146)
  30800    3.080    10       nan          nan          0.000e+00    stable (147)
  31000    3.100    10       nan          nan          0.000e+00    stable (148)
  31200    3.120    10       nan          nan          0.000e+00    stable (149)
  31400    3.140    10       nan          nan          0.000e+00    stable (150)
  31600    3.160    10       nan          nan          0.000e+00    stable (151)
  31800    3.180    10       nan          nan          0.000e+00    stable (152)
  32000    3.200    10       nan          nan          0.000e+00    stable (153)
  32200    3.220    10       nan          nan          0.000e+00    stable (154)
  32400    3.240    10       nan          nan          0.000e+00    stable (155)
  32600    3.260    10       nan          nan          0.000e+00    stable (156)
  32800    3.280    10       nan          nan          0.000e+00    stable (157)
  33000    3.300    10       nan          nan          0.000e+00    stable (158)
  33200    3.320    10       nan          nan          0.000e+00    stable (159)
  33400    3.340    10       nan          nan          0.000e+00    stable (160)
  33600    3.360    10       nan          nan          0.000e+00    stable (161)
  33800    3.380    10       nan          nan          0.000e+00    stable (162)
  34000    3.400    10       nan          nan          0.000e+00    stable (163)
  34200    3.420    10       nan          nan          0.000e+00    stable (164)
  34400    3.440    10       nan          nan          0.000e+00    stable (165)
  34600    3.460    10       nan          nan          0.000e+00    stable (166)
  34800    3.480    10       nan          nan          0.000e+00    stable (167)
  35000    3.500    10       nan          nan          0.000e+00    stable (168)
  35200    3.520    10       nan          nan          0.000e+00    stable (169)
  35400    3.540    10       nan          nan          0.000e+00    stable (170)
  35600    3.560    10       nan          nan          0.000e+00    stable (171)
  35800    3.580    10       nan          nan          0.000e+00    stable (172)
  36000    3.600    10       nan          nan          0.000e+00    stable (173)
  36200    3.620    10       nan          nan          0.000e+00    stable (174)
  36400    3.640    10       nan          nan          0.000e+00    stable (175)
  36600    3.660    10       nan          nan          0.000e+00    stable (176)
  36800    3.680    10       nan          nan          0.000e+00    stable (177)
  37000    3.700    10       nan          nan          0.000e+00    stable (178)
  37200    3.720    10       nan          nan          0.000e+00    stable (179)
  37400    3.740    10       nan          nan          0.000e+00    stable (180)
  37600    3.760    10       nan          nan          0.000e+00    stable (181)
  37800    3.780    10       nan          nan          0.000e+00    stable (182)
  38000    3.800    10       nan          nan          0.000e+00    stable (183)
  38200    3.820    10       nan          nan          0.000e+00    stable (184)
  38400    3.840    10       nan          nan          0.000e+00    stable (185)
  38600    3.860    10       nan          nan          0.000e+00    stable (186)
  38800    3.880    10       nan          nan          0.000e+00    stable (187)
  39000    3.900    10       nan          nan          0.000e+00    stable (188)
  39200    3.920    10       nan          nan          0.000e+00    stable (189)
  39400    3.940    10       nan          nan          0.000e+00    stable (190)
  39600    3.960    10       nan          nan          0.000e+00    stable (191)
  39800    3.980    10       nan          nan          0.000e+00    stable (192)
  40000    4.000    10       nan          nan          0.000e+00    stable (193)

  --- PHASE 2 RESULTS ---
  N_max reached: 10
  N_active at end: 10 (stable for 193 samples)
  E(0) = 26.6238295476 → E(T) = nan (change: nan%)
  Hit ceiling? NO ✓
  Cascade stabilised? YES ✓

################################################################
#  UNIVERSALITY SUMMARY                                       #
################################################################

  ν = 0.010000, A = 1.0000, IC = distributed
  C_s = 0.311183 (need: bounded, ideally ≤ 0.123)
  C_L = 0.016146 (need: bounded, ideally ≤ 0.031)
  γ = 0.0718 (need: < 2)
  Ω_max = 5730.869970 (need: bounded)
  N_stable = 10 (need: finite)
  Energy decreasing: NO

  PASS = C_s bounded AND γ < 2 AND energy decreasing AND N stable
  RESULT: FAIL ✗

