################################################################
#  UNIVERSALITY VERIFICATION — C_s BOUND                      #
################################################################

  ν = 0.010000
  A = 1.0000
  IC = taylor-green (1)
  N_max = 8
  N_ceiling = 20 (adaptive)
  dt = 1.00e-04 (CFL-based)
  Total steps = 20000 (T = 2.00)
  Sample interval = 200

============================================================
  PHASE 1: CASCADE EXPONENT AND C_s (fixed N=8)
============================================================

  Modes: 2108

  E(0) = 0.1250000000
  Ω(0) = 0.3750000000

  Step     Time       Energy     Enstrophy  max_Cs     max_Cl    
  200      0.0200     0.124850   0.374566   0.008862   0.021719  
  400      0.0400     0.124700   0.374163   0.010219   0.025060  
  600      0.0600     0.124551   0.373792   0.011573   0.028393  
  800      0.0800     0.124401   0.373451   0.012921   0.031715  
  1000     0.1000     0.124252   0.373142   0.014264   0.035027  
  1200     0.1200     0.124103   0.372862   0.015602   0.038326  
  1400     0.1400     0.123954   0.372613   0.016934   0.041611  
  1600     0.1600     0.123805   0.372394   0.018259   0.044883  
  1800     0.1800     0.123656   0.372205   0.019579   0.048139  
  2000     0.2000     0.123507   0.372045   0.020892   0.051378  
  2200     0.2200     0.123358   0.371915   0.022199   0.054600  
  2400     0.2400     0.123210   0.371813   0.023498   0.057804  
  2600     0.2600     0.123061   0.371741   0.024790   0.060988  
  2800     0.2800     0.122912   0.371698   0.026074   0.064151  
  3000     0.3000     0.122764   0.371683   0.027351   0.067294  
  3200     0.3200     0.122615   0.371697   0.028619   0.070414  
  3400     0.3400     0.122466   0.371740   0.029880   0.073510  
  3600     0.3600     0.122318   0.371810   0.031131   0.076582  
  3800     0.3800     0.122169   0.371909   0.032374   0.079629  
  4000     0.4000     0.122020   0.372036   0.033608   0.082651  
  4200     0.4200     0.121871   0.372191   0.034833   0.085645  
  4400     0.4400     0.121722   0.372373   0.036048   0.088611  
  4600     0.4600     0.121573   0.372583   0.037254   0.091549  
  4800     0.4800     0.121424   0.372821   0.038450   0.094457  
  5000     0.5000     0.121275   0.373087   0.039635   0.097335  
  5200     0.5200     0.121126   0.373379   0.040810   0.100181  
  5400     0.5400     0.120976   0.373699   0.041975   0.102996  
  5600     0.5600     0.120827   0.374047   0.043129   0.105778  
  5800     0.5800     0.120677   0.374421   0.044272   0.108527  
  6000     0.6000     0.120527   0.374823   0.045404   0.111242  
  6200     0.6200     0.120377   0.375251   0.046524   0.113922  
  6400     0.6400     0.120227   0.375707   0.047633   0.116566  
  6600     0.6600     0.120077   0.376189   0.048730   0.119174  
  6800     0.6800     0.119926   0.376698   0.049815   0.121745  
  7000     0.7000     0.119776   0.377234   0.050888   0.124279  
  7200     0.7200     0.119625   0.377797   0.051948   0.126775  
  7400     0.7400     0.119473   0.378386   0.052997   0.129233  
  7600     0.7600     0.119322   0.379002   0.054032   0.131651  
  7800     0.7800     0.119170   0.379644   0.055055   0.134029  
  8000     0.8000     0.119018   0.380312   0.056065   0.136368  
  8200     0.8200     0.118866   0.381007   0.057062   0.138665  
  8400     0.8400     0.118713   0.381728   0.058045   0.140922  
  8600     0.8600     0.118561   0.382475   0.059015   0.143137  
  8800     0.8800     0.118407   0.383248   0.059972   0.145311  
  9000     0.9000     0.118254   0.384047   0.060915   0.147442  
  9200     0.9200     0.118100   0.384872   0.061844   0.149531  
  9400     0.9400     0.117946   0.385723   0.062759   0.151576  
  9600     0.9600     0.117792   0.386600   0.063661   0.153579  
  9800     0.9800     0.117637   0.387502   0.064548   0.155538  
  10000    1.0000     0.117482   0.388430   0.065421   0.157454  
  10200    1.0200     0.117326   0.389383   0.066280   0.159326  
  10400    1.0400     0.117170   0.390362   0.067125   0.161154  
  10600    1.0600     0.117014   0.391366   0.067955   0.162938  
  10800    1.0800     0.116857   0.392395   0.068771   0.164677  
  11000    1.1000     0.116700   0.393448   0.069572   0.166373  
  11200    1.1200     0.116542   0.394527   0.070359   0.168024  
  11400    1.1400     0.116384   0.395631   0.071131   0.169630  
  11600    1.1600     0.116226   0.396758   0.071888   0.171193  
  11800    1.1800     0.116067   0.397911   0.072631   0.172711  
  12000    1.2000     0.115908   0.399087   0.073359   0.174185  
  12200    1.2200     0.115748   0.400288   0.074072   0.175615  
  12400    1.2400     0.115587   0.401512   0.074771   0.177001  
  12600    1.2600     0.115427   0.402761   0.075455   0.178343  
  12800    1.2800     0.115265   0.404032   0.076124   0.179641  
  13000    1.3000     0.115103   0.405327   0.076779   0.180896  
  13200    1.3200     0.114941   0.406645   0.077418   0.182108  
  13400    1.3400     0.114778   0.407986   0.078044   0.183276  
  13600    1.3600     0.114615   0.409349   0.078654   0.184402  
  13800    1.3800     0.114451   0.410735   0.079250   0.185486  
  14000    1.4000     0.114286   0.412143   0.079832   0.186528  
  14200    1.4200     0.114121   0.413573   0.080399   0.187528  
  14400    1.4400     0.113955   0.415024   0.080952   0.188486  
  14600    1.4600     0.113789   0.416496   0.081490   0.189404  
  14800    1.4800     0.113622   0.417990   0.082014   0.190282  
  15000    1.5000     0.113455   0.419504   0.082524   0.191119  
  15200    1.5200     0.113287   0.421038   0.083020   0.191917  
  15400    1.5400     0.113118   0.422592   0.083502   0.192675  
  15600    1.5600     0.112948   0.424166   0.083970   0.193395  
  15800    1.5800     0.112779   0.425759   0.084424   0.194077  
  16000    1.6000     0.112608   0.427371   0.084864   0.194722  
  16200    1.6200     0.112437   0.429002   0.085291   0.195329  
  16400    1.6400     0.112265   0.430650   0.085705   0.195900  
  16600    1.6600     0.112092   0.432316   0.086105   0.196435  
  16800    1.6800     0.111919   0.434000   0.086492   0.196934  
  17000    1.7000     0.111745   0.435700   0.086866   0.197399  
  17200    1.7200     0.111570   0.437417   0.087227   0.197830  
  17400    1.7400     0.111395   0.439149   0.087575   0.198228  
  17600    1.7600     0.111219   0.440897   0.087910   0.198592  
  17800    1.7800     0.111042   0.442660   0.088233   0.198925  
  18000    1.8000     0.110865   0.444438   0.088544   0.199226  
  18200    1.8200     0.110687   0.446230   0.088843   0.199495  
  18400    1.8400     0.110508   0.448035   0.089129   0.199735  
  18600    1.8600     0.110328   0.449853   0.089404   0.199945  
  18800    1.8800     0.110148   0.451684   0.089666   0.200126  
  19000    1.9000     0.109967   0.453527   0.089918   0.200279  
  19200    1.9200     0.109785   0.455381   0.090158   0.200404  
  19400    1.9400     0.109603   0.457246   0.090386   0.200502  
  19600    1.9600     0.109420   0.459122   0.090604   0.200574  
  19800    1.9800     0.109236   0.461008   0.090811   0.200620  
  20000    2.0000     0.109051   0.462903   0.091007   0.200641  

  --- PHASE 1 RESULTS ---
  E(0) = 0.1250000000 → E(T) = 0.1090508497 (change: -12.7593%)
  Ω_max = 0.4629027276
  C_s = 0.091007 (max |T_k|/(E·k^{3/2}))
  C_L = 0.200641 (max |T_k|/(E·Ω^{1/2}·k^{0.5}))
  γ_avg = -12.3285 (averaged over 100 samples)
  γ < 2? YES ✓
  Energy decreasing? YES ✓

============================================================
  PHASE 2: ADAPTIVE N (ceiling 20)
============================================================

  Step     Time     N_act    Energy       Enstrophy    E_top/E      Status    
  200      0.020    3        1.248501e-01 3.745659e-01 0.000e+00    stable (1)
  400      0.040    3        1.247004e-01 3.741633e-01 0.000e+00    stable (2)
  600      0.060    3        1.245508e-01 3.737918e-01 0.000e+00    stable (3)
  800      0.080    3        1.244014e-01 3.734513e-01 0.000e+00    stable (4)
  1000     0.100    3        1.242521e-01 3.731412e-01 0.000e+00    stable (5)
  1200     0.120    3        1.241029e-01 3.728614e-01 0.000e+00    stable (6)
  1400     0.140    3        1.239538e-01 3.726116e-01 0.000e+00    stable (7)
  1600     0.160    3        1.238048e-01 3.723913e-01 0.000e+00    stable (8)
  1800     0.180    3        1.236559e-01 3.722002e-01 0.000e+00    stable (9)
  2000     0.200    3        1.235071e-01 3.720381e-01 0.000e+00    stable (10)
  2200     0.220    3        1.233583e-01 3.719046e-01 0.000e+00    stable (11)
  2400     0.240    3        1.232096e-01 3.717993e-01 0.000e+00    stable (12)
  2600     0.260    3        1.230609e-01 3.717219e-01 0.000e+00    stable (13)
  2800     0.280    3        1.229122e-01 3.716720e-01 0.000e+00    stable (14)
  3000     0.300    3        1.227636e-01 3.716493e-01 0.000e+00    stable (15)
  3200     0.320    3        1.226149e-01 3.716535e-01 0.000e+00    stable (16)
  3400     0.340    3        1.224663e-01 3.716842e-01 0.000e+00    stable (17)
  3600     0.360    3        1.223176e-01 3.717410e-01 0.000e+00    stable (18)
  3800     0.380    3        1.221689e-01 3.718236e-01 0.000e+00    stable (19)
  4000     0.400    3        1.220202e-01 3.719316e-01 0.000e+00    stable (20)
  4200     0.420    3        1.218714e-01 3.720646e-01 0.000e+00    stable (21)
  4400     0.440    3        1.217226e-01 3.722223e-01 0.000e+00    stable (22)
  4600     0.460    3        1.215737e-01 3.724043e-01 0.000e+00    stable (23)
  4800     0.480    3        1.214247e-01 3.726102e-01 0.000e+00    stable (24)
  5000     0.500    3        1.212756e-01 3.728397e-01 0.000e+00    stable (25)
  5200     0.520    3        1.211264e-01 3.730924e-01 0.000e+00    stable (26)
  5400     0.540    3        1.209772e-01 3.733679e-01 0.000e+00    stable (27)
  5600     0.560    3        1.208278e-01 3.736658e-01 0.000e+00    stable (28)
  5800     0.580    3        1.206783e-01 3.739858e-01 0.000e+00    stable (29)
  6000     0.600    3        1.205286e-01 3.743274e-01 0.000e+00    stable (30)
  6200     0.620    3        1.203788e-01 3.746904e-01 0.000e+00    stable (31)
  6400     0.640    3        1.202289e-01 3.750742e-01 0.000e+00    stable (32)
  6600     0.660    3        1.200788e-01 3.754786e-01 0.000e+00    stable (33)
  6800     0.680    3        1.199285e-01 3.759031e-01 0.000e+00    stable (34)
  7000     0.700    3        1.197781e-01 3.763474e-01 0.000e+00    stable (35)
  7200     0.720    3        1.196275e-01 3.768110e-01 0.000e+00    stable (36)
  7400     0.740    3        1.194767e-01 3.772936e-01 0.000e+00    stable (37)
  7600     0.760    3        1.193257e-01 3.777949e-01 0.000e+00    stable (38)
  7800     0.780    3        1.191745e-01 3.783143e-01 0.000e+00    stable (39)
  8000     0.800    3        1.190230e-01 3.788516e-01 0.000e+00    stable (40)
  8200     0.820    3        1.188714e-01 3.794063e-01 0.000e+00    stable (41)
  8400     0.840    3        1.187195e-01 3.799781e-01 0.000e+00    stable (42)
  8600     0.860    3        1.185674e-01 3.805665e-01 0.000e+00    stable (43)
  8800     0.880    3        1.184151e-01 3.811713e-01 0.000e+00    stable (44)
  9000     0.900    3        1.182625e-01 3.817919e-01 0.000e+00    stable (45)
  9200     0.920    3        1.181097e-01 3.824281e-01 0.000e+00    stable (46)
  9400     0.940    3        1.179566e-01 3.830794e-01 0.000e+00    stable (47)
  9600     0.960    3        1.178033e-01 3.837455e-01 0.000e+00    stable (48)
  9800     0.980    3        1.176497e-01 3.844259e-01 0.000e+00    stable (49)
  10000    1.000    3        1.174958e-01 3.851204e-01 0.000e+00    stable (50)
  10200    1.020    3        1.173416e-01 3.858284e-01 0.000e+00    stable (51)
  10400    1.040    3        1.171871e-01 3.865497e-01 0.000e+00    stable (52)
  10600    1.060    3        1.170324e-01 3.872839e-01 0.000e+00    stable (53)
  10800    1.080    3        1.168773e-01 3.880305e-01 0.000e+00    stable (54)
  11000    1.100    3        1.167220e-01 3.887893e-01 0.000e+00    stable (55)
  11200    1.120    3        1.165663e-01 3.895598e-01 0.000e+00    stable (56)
  11400    1.140    3        1.164104e-01 3.903417e-01 0.000e+00    stable (57)
  11600    1.160    3        1.162541e-01 3.911345e-01 0.000e+00    stable (58)
  11800    1.180    3        1.160975e-01 3.919381e-01 0.000e+00    stable (59)
  12000    1.200    3        1.159405e-01 3.927519e-01 0.000e+00    stable (60)
  12200    1.220    3        1.157833e-01 3.935756e-01 0.000e+00    stable (61)
  12400    1.240    3        1.156257e-01 3.944088e-01 0.000e+00    stable (62)
  12600    1.260    3        1.154678e-01 3.952512e-01 0.000e+00    stable (63)
  12800    1.280    3        1.153095e-01 3.961025e-01 0.000e+00    stable (64)
  13000    1.300    3        1.151509e-01 3.969623e-01 0.000e+00    stable (65)
  13200    1.320    3        1.149920e-01 3.978301e-01 0.000e+00    stable (66)
  13400    1.340    3        1.148327e-01 3.987058e-01 0.000e+00    stable (67)
  13600    1.360    3        1.146731e-01 3.995889e-01 0.000e+00    stable (68)
  13800    1.380    3        1.145131e-01 4.004791e-01 0.000e+00    stable (69)
  14000    1.400    3        1.143527e-01 4.013760e-01 0.000e+00    stable (70)
  14200    1.420    3        1.141920e-01 4.022793e-01 0.000e+00    stable (71)
  14400    1.440    3        1.140309e-01 4.031887e-01 0.000e+00    stable (72)
  14600    1.460    3        1.138695e-01 4.041038e-01 0.000e+00    stable (73)
  14800    1.480    3        1.137076e-01 4.050244e-01 0.000e+00    stable (74)
  15000    1.500    3        1.135455e-01 4.059500e-01 0.000e+00    stable (75)
  15200    1.520    3        1.133829e-01 4.068804e-01 0.000e+00    stable (76)
  15400    1.540    3        1.132200e-01 4.078152e-01 0.000e+00    stable (77)
  15600    1.560    3        1.130567e-01 4.087541e-01 0.000e+00    stable (78)
  15800    1.580    3        1.128930e-01 4.096968e-01 0.000e+00    stable (79)
  16000    1.600    3        1.127289e-01 4.106430e-01 0.000e+00    stable (80)
  16200    1.620    3        1.125645e-01 4.115924e-01 0.000e+00    stable (81)
  16400    1.640    3        1.123997e-01 4.125447e-01 0.000e+00    stable (82)
  16600    1.660    3        1.122345e-01 4.134995e-01 0.000e+00    stable (83)
  16800    1.680    3        1.120689e-01 4.144566e-01 0.000e+00    stable (84)
  17000    1.700    3        1.119030e-01 4.154156e-01 0.000e+00    stable (85)
  17200    1.720    3        1.117366e-01 4.163764e-01 0.000e+00    stable (86)
  17400    1.740    3        1.115699e-01 4.173385e-01 0.000e+00    stable (87)
  17600    1.760    3        1.114028e-01 4.183018e-01 0.000e+00    stable (88)
  17800    1.780    3        1.112353e-01 4.192659e-01 0.000e+00    stable (89)
  18000    1.800    3        1.110674e-01 4.202305e-01 0.000e+00    stable (90)
  18200    1.820    3        1.108991e-01 4.211954e-01 0.000e+00    stable (91)
  18400    1.840    3        1.107305e-01 4.221603e-01 0.000e+00    stable (92)
  18600    1.860    3        1.105614e-01 4.231249e-01 0.000e+00    stable (93)
  18800    1.880    3        1.103920e-01 4.240890e-01 0.000e+00    stable (94)
  19000    1.900    3        1.102222e-01 4.250524e-01 0.000e+00    stable (95)
  19200    1.920    3        1.100520e-01 4.260146e-01 0.000e+00    stable (96)
  19400    1.940    3        1.098814e-01 4.269756e-01 0.000e+00    stable (97)
  19600    1.960    3        1.097104e-01 4.279350e-01 0.000e+00    stable (98)
  19800    1.980    3        1.095390e-01 4.288926e-01 0.000e+00    stable (99)
  20000    2.000    3        1.093673e-01 4.298482e-01 0.000e+00    stable (100)
  20200    2.020    3        1.091952e-01 4.308015e-01 0.000e+00    stable (101)
  20400    2.040    3        1.090227e-01 4.317523e-01 0.000e+00    stable (102)
  20600    2.060    3        1.088498e-01 4.327004e-01 0.000e+00    stable (103)
  20800    2.080    3        1.086766e-01 4.336455e-01 0.000e+00    stable (104)
  21000    2.100    3        1.085029e-01 4.345874e-01 0.000e+00    stable (105)
  21200    2.120    3        1.083289e-01 4.355259e-01 0.000e+00    stable (106)
  21400    2.140    3        1.081545e-01 4.364607e-01 0.000e+00    stable (107)
  21600    2.160    3        1.079798e-01 4.373918e-01 0.000e+00    stable (108)
  21800    2.180    3        1.078046e-01 4.383187e-01 0.000e+00    stable (109)
  22000    2.200    3        1.076291e-01 4.392415e-01 0.000e+00    stable (110)
  22200    2.220    3        1.074533e-01 4.401597e-01 0.000e+00    stable (111)
  22400    2.240    3        1.072770e-01 4.410734e-01 0.000e+00    stable (112)
  22600    2.260    3        1.071004e-01 4.419822e-01 0.000e+00    stable (113)
  22800    2.280    3        1.069235e-01 4.428859e-01 0.000e+00    stable (114)
  23000    2.300    3        1.067461e-01 4.437845e-01 0.000e+00    stable (115)
  23200    2.320    3        1.065685e-01 4.446776e-01 0.000e+00    stable (116)
  23400    2.340    3        1.063904e-01 4.455651e-01 0.000e+00    stable (117)
  23600    2.360    3        1.062120e-01 4.464470e-01 0.000e+00    stable (118)
  23800    2.380    3        1.060333e-01 4.473228e-01 0.000e+00    stable (119)
  24000    2.400    3        1.058542e-01 4.481926e-01 0.000e+00    stable (120)
  24200    2.420    3        1.056747e-01 4.490562e-01 0.000e+00    stable (121)
  24400    2.440    3        1.054950e-01 4.499133e-01 0.000e+00    stable (122)
  24600    2.460    3        1.053148e-01 4.507638e-01 0.000e+00    stable (123)
  24800    2.480    3        1.051344e-01 4.516076e-01 0.000e+00    stable (124)
  25000    2.500    3        1.049536e-01 4.524446e-01 0.000e+00    stable (125)
  25200    2.520    3        1.047724e-01 4.532745e-01 0.000e+00    stable (126)
  25400    2.540    3        1.045910e-01 4.540973e-01 0.000e+00    stable (127)
  25600    2.560    3        1.044092e-01 4.549127e-01 0.000e+00    stable (128)
  25800    2.580    3        1.042271e-01 4.557208e-01 0.000e+00    stable (129)
  26000    2.600    3        1.040446e-01 4.565212e-01 0.000e+00    stable (130)
  26200    2.620    3        1.038619e-01 4.573140e-01 0.000e+00    stable (131)
  26400    2.640    3        1.036788e-01 4.580989e-01 0.000e+00    stable (132)
  26600    2.660    3        1.034954e-01 4.588759e-01 0.000e+00    stable (133)
  26800    2.680    3        1.033117e-01 4.596448e-01 0.000e+00    stable (134)
  27000    2.700    3        1.031277e-01 4.604055e-01 0.000e+00    stable (135)
  27200    2.720    3        1.029434e-01 4.611580e-01 0.000e+00    stable (136)
  27400    2.740    3        1.027588e-01 4.619021e-01 0.000e+00    stable (137)
  27600    2.760    3        1.025739e-01 4.626376e-01 0.000e+00    stable (138)
  27800    2.780    3        1.023887e-01 4.633646e-01 0.000e+00    stable (139)
  28000    2.800    3        1.022032e-01 4.640828e-01 0.000e+00    stable (140)
  28200    2.820    3        1.020175e-01 4.647922e-01 0.000e+00    stable (141)
  28400    2.840    3        1.018314e-01 4.654928e-01 0.000e+00    stable (142)
  28600    2.860    3        1.016451e-01 4.661844e-01 0.000e+00    stable (143)
  28800    2.880    3        1.014585e-01 4.668669e-01 0.000e+00    stable (144)
  29000    2.900    3        1.012716e-01 4.675402e-01 0.000e+00    stable (145)
  29200    2.920    3        1.010845e-01 4.682043e-01 0.000e+00    stable (146)
  29400    2.940    3        1.008971e-01 4.688591e-01 0.000e+00    stable (147)
  29600    2.960    3        1.007094e-01 4.695046e-01 0.000e+00    stable (148)
  29800    2.980    3        1.005215e-01 4.701405e-01 0.000e+00    stable (149)
  30000    3.000    3        1.003333e-01 4.707670e-01 0.000e+00    stable (150)
  30200    3.020    3        1.001449e-01 4.713838e-01 0.000e+00    stable (151)
  30400    3.040    3        9.995622e-02 4.719910e-01 0.000e+00    stable (152)
  30600    3.060    3        9.976732e-02 4.725885e-01 0.000e+00    stable (153)
  30800    3.080    3        9.957817e-02 4.731763e-01 0.000e+00    stable (154)
  31000    3.100    3        9.938879e-02 4.737542e-01 0.000e+00    stable (155)
  31200    3.120    3        9.919919e-02 4.743222e-01 0.000e+00    stable (156)
  31400    3.140    3        9.900935e-02 4.748803e-01 0.000e+00    stable (157)
  31600    3.160    3        9.881930e-02 4.754284e-01 0.000e+00    stable (158)
  31800    3.180    3        9.862903e-02 4.759665e-01 0.000e+00    stable (159)
  32000    3.200    3        9.843854e-02 4.764946e-01 0.000e+00    stable (160)
  32200    3.220    3        9.824785e-02 4.770126e-01 0.000e+00    stable (161)
  32400    3.240    3        9.805695e-02 4.775204e-01 0.000e+00    stable (162)
  32600    3.260    3        9.786585e-02 4.780180e-01 0.000e+00    stable (163)
  32800    3.280    3        9.767455e-02 4.785055e-01 0.000e+00    stable (164)
  33000    3.300    3        9.748306e-02 4.789827e-01 0.000e+00    stable (165)
  33200    3.320    3        9.729138e-02 4.794497e-01 0.000e+00    stable (166)
  33400    3.340    3        9.709952e-02 4.799064e-01 0.000e+00    stable (167)
  33600    3.360    3        9.690747e-02 4.803528e-01 0.000e+00    stable (168)
  33800    3.380    3        9.671525e-02 4.807888e-01 0.000e+00    stable (169)
  34000    3.400    3        9.652286e-02 4.812146e-01 0.000e+00    stable (170)
  34200    3.420    3        9.633030e-02 4.816299e-01 0.000e+00    stable (171)
  34400    3.440    3        9.613757e-02 4.820349e-01 0.000e+00    stable (172)
  34600    3.460    3        9.594468e-02 4.824295e-01 0.000e+00    stable (173)
  34800    3.480    3        9.575164e-02 4.828137e-01 0.000e+00    stable (174)
  35000    3.500    3        9.555845e-02 4.831875e-01 0.000e+00    stable (175)
  35200    3.520    3        9.536511e-02 4.835509e-01 0.000e+00    stable (176)
  35400    3.540    3        9.517162e-02 4.839039e-01 0.000e+00    stable (177)
  35600    3.560    3        9.497800e-02 4.842465e-01 0.000e+00    stable (178)
  35800    3.580    3        9.478424e-02 4.845787e-01 0.000e+00    stable (179)
  36000    3.600    3        9.459035e-02 4.849004e-01 0.000e+00    stable (180)
  36200    3.620    3        9.439633e-02 4.852117e-01 0.000e+00    stable (181)
  36400    3.640    3        9.420220e-02 4.855127e-01 0.000e+00    stable (182)
  36600    3.660    3        9.400794e-02 4.858032e-01 0.000e+00    stable (183)
  36800    3.680    3        9.381357e-02 4.860834e-01 0.000e+00    stable (184)
  37000    3.700    3        9.361909e-02 4.863532e-01 0.000e+00    stable (185)
  37200    3.720    3        9.342450e-02 4.866126e-01 0.000e+00    stable (186)
  37400    3.740    3        9.322981e-02 4.868616e-01 0.000e+00    stable (187)
  37600    3.760    3        9.303502e-02 4.871003e-01 0.000e+00    stable (188)
  37800    3.780    3        9.284014e-02 4.873287e-01 0.000e+00    stable (189)
  38000    3.800    3        9.264517e-02 4.875468e-01 0.000e+00    stable (190)
  38200    3.820    3        9.245012e-02 4.877547e-01 0.000e+00    stable (191)
  38400    3.840    3        9.225498e-02 4.879522e-01 0.000e+00    stable (192)
  38600    3.860    3        9.205977e-02 4.881395e-01 0.000e+00    stable (193)
  38800    3.880    3        9.186449e-02 4.883167e-01 0.000e+00    stable (194)
  39000    3.900    3        9.166913e-02 4.884836e-01 0.000e+00    stable (195)
  39200    3.920    3        9.147371e-02 4.886403e-01 0.000e+00    stable (196)
  39400    3.940    3        9.127823e-02 4.887870e-01 0.000e+00    stable (197)
  39600    3.960    3        9.108270e-02 4.889235e-01 0.000e+00    stable (198)
  39800    3.980    3        9.088711e-02 4.890499e-01 0.000e+00    stable (199)
  40000    4.000    3        9.069147e-02 4.891663e-01 0.000e+00    stable (200)

  --- PHASE 2 RESULTS ---
  N_max reached: 3
  N_active at end: 3 (stable for 200 samples)
  E(0) = 0.1250000000 → E(T) = 0.0906914688 (change: -27.4468%)
  Hit ceiling? NO ✓
  Cascade stabilised? YES ✓

################################################################
#  UNIVERSALITY SUMMARY                                       #
################################################################

  ν = 0.010000, A = 1.0000, IC = taylor-green
  C_s = 0.091007 (need: bounded, ideally ≤ 0.123)
  C_L = 0.200641 (need: bounded, ideally ≤ 0.031)
  γ = -12.3285 (need: < 2)
  Ω_max = 0.462903 (need: bounded)
  N_stable = 3 (need: finite)
  Energy decreasing: YES

  PASS = C_s bounded AND γ < 2 AND energy decreasing AND N stable
  RESULT: PASS ✓

