################################################################
#  UNIVERSALITY VERIFICATION — C_s BOUND                      #
################################################################

  ν = 0.010000
  A = 0.5000
  IC = distributed (0)
  N_max = 8
  N_ceiling = 20 (adaptive)
  dt = 1.00e-04 (CFL-based)
  Total steps = 20000 (T = 2.00)
  Sample interval = 200

============================================================
  PHASE 1: CASCADE EXPONENT AND C_s (fixed N=8)
============================================================

  Modes: 2108

  E(0) = 41.2978733773
  Ω(0) = 1304.7556248527

  Step     Time       Energy     Enstrophy  max_Cs     max_Cl    
  200      0.0200     40.805185  1308.311554 0.111512   0.014804  
  400      0.0400     40.302909  1333.164508 0.200645   0.019233  
  600      0.0600     39.789742  1350.741797 0.200645   0.019233  
  800      0.0800     39.270875  1358.274053 0.200645   0.019233  
  1000     0.1000     38.750216  1359.791498 0.200645   0.019233  
  1200     0.1200     38.229487  1356.962970 0.200645   0.019233  
  1400     0.1400     37.710176  1349.099754 0.200645   0.019233  
  1600     0.1600     37.194163  1335.875363 0.200645   0.019233  
  1800     0.1800     36.683149  1318.751293 0.200645   0.019233  
  2000     0.2000     36.177718  1303.503667 0.200645   0.019233  
  2200     0.2200     35.676233  1294.888169 0.200645   0.019233  
  2400     0.2400     35.176405  1290.614873 0.200645   0.019233  
  2600     0.2600     34.677733  1284.686402 0.200645   0.019233  
  2800     0.2800     34.181633  1273.960726 0.200645   0.019233  
  3000     0.3000     33.689894  1259.325481 0.200645   0.019233  
  3200     0.3200     33.203789  1242.641340 0.200645   0.019233  
  3400     0.3400     32.724100  1224.620180 0.200645   0.019233  
  3600     0.3600     32.251472  1205.082029 0.200645   0.019233  
  3800     0.3800     31.786452  1184.409040 0.200645   0.019233  
  4000     0.4000     31.329189  1163.903759 0.200645   0.019233  
  4200     0.4200     30.879342  1144.681856 0.200645   0.019233  
  4400     0.4400     30.436327  1127.213999 0.200645   0.019233  
  4600     0.4600     29.999375  1112.257996 0.200645   0.019233  
  4800     0.4800     29.567391  1100.363941 0.200645   0.019233  
  5000     0.5000     29.139417  1090.133005 0.200645   0.019233  
  5200     0.5200     28.715397  1078.995895 0.200645   0.019233  
  5400     0.5400     28.296148  1065.387063 0.200645   0.019233  
  5600     0.5600     27.882732  1049.270241 0.200645   0.019233  
  5800     0.5800     27.475961  1031.514805 0.200645   0.019233  
  6000     0.6000     27.076172  1013.384096 0.200645   0.019233  
  6200     0.6200     26.683201  996.036106 0.200645   0.019233  
  6400     0.6400     26.296547  980.104229 0.200645   0.019233  
  6600     0.6600     25.915636  965.495683 0.200645   0.019233  
  6800     0.6800     25.540145  951.310677 0.200645   0.019233  
  7000     0.7000     25.170159  936.668966 0.200645   0.019233  
  7200     0.7200     24.805906  921.642272 0.200645   0.019233  
  7400     0.7400     24.447435  906.785597 0.200645   0.019233  
  7600     0.7600     24.094636  892.314635 0.200645   0.019233  
  7800     0.7800     23.747418  878.006029 0.200645   0.019233  
  8000     0.8000     23.405819  863.485720 0.200645   0.019233  
  8200     0.8200     23.069930  848.850923 0.200645   0.019233  
  8400     0.8400     22.739594  835.070237 0.200645   0.019233  
  8600     0.8600     22.414207  823.228666 0.200645   0.019233  
  8800     0.8800     22.092918  813.473907 0.200645   0.019233  
  9000     0.9000     21.775040  805.049503 0.200645   0.019233  
  9200     0.9200     21.460218  797.131803 0.200645   0.019233  
  9400     0.9400     21.148354  789.194467 0.200645   0.019233  
  9600     0.9600     20.839552  780.721639 0.200645   0.019233  
  9800     0.9800     20.534142  771.211324 0.200645   0.019233  
  10000    1.0000     20.232591  760.562714 0.200645   0.019233  
  10200    1.0200     19.935302  749.164280 0.200645   0.019233  
  10400    1.0400     19.642467  737.556482 0.200645   0.019233  
  10600    1.0600     19.354097  726.050958 0.200645   0.019233  
  10800    1.0800     19.070151  714.627490 0.200645   0.019233  
  11000    1.1000     18.790646  703.126995 0.200645   0.019233  
  11200    1.1200     18.515649  691.562224 0.200645   0.019233  
  11400    1.1400     18.245152  680.291130 0.200645   0.019233  
  11600    1.1600     17.978948  669.830111 0.200645   0.019233  
  11800    1.1800     17.716645  660.412371 0.200645   0.019233  
  12000    1.2000     17.457858  651.740492 0.200645   0.019233  
  12200    1.2200     17.202398  643.193500 0.200645   0.019233  
  12400    1.2400     16.950326  634.257011 0.200645   0.019233  
  12600    1.2600     16.701830  624.816013 0.200645   0.019233  
  12800    1.2800     16.457070  615.131613 0.200645   0.019233  
  13000    1.3000     16.216072  605.555037 0.200645   0.019233  
  13200    1.3200     15.978756  596.260491 0.200645   0.019233  
  13400    1.3400     15.745018  587.230688 0.200645   0.019233  
  13600    1.3600     15.514771  578.405129 0.200645   0.019233  
  13800    1.3800     15.287940  569.756801 0.200645   0.019233  
  14000    1.4000     15.064461  561.223697 0.200645   0.019233  
  14200    1.4200     14.844314  552.624900 0.200645   0.019233  
  14400    1.4400     14.627575  543.737991 0.200645   0.019233  
  14600    1.4600     14.414385  534.521962 0.200645   0.019233  
  14800    1.4800     14.204850  525.227751 0.200645   0.019233  
  15000    1.5000     13.998938  516.221888 0.200645   0.019233  
  15200    1.5200     13.796489  507.700195 0.200645   0.019233  
  15400    1.5400     13.597310  499.605907 0.200645   0.019233  
  15600    1.5600     13.401255  491.808760 0.200645   0.019233  
  15800    1.5800     13.208210  484.294625 0.200645   0.019233  
  16000    1.6000     13.018045  477.145784 0.200645   0.019233  
  16200    1.6200     12.830603  470.378980 0.200645   0.019233  
  16400    1.6400     12.645755  463.857774 0.200645   0.019233  
  16600    1.6600     12.463443  457.372289 0.200645   0.019233  
  16800    1.6800     12.283687  450.792673 0.200645   0.019233  
  17000    1.7000     12.106521  444.157216 0.200645   0.019233  
  17200    1.7200     11.931938  437.646162 0.200645   0.019233  
  17400    1.7400     11.759844  431.482904 0.200645   0.019233  
  17600    1.7600     11.590066  425.825140 0.200645   0.019233  
  17800    1.7800     11.422396  420.694067 0.200645   0.019233  
  18000    1.8000     11.256644  415.968362 0.200645   0.019233  
  18200    1.8200     11.092690  411.443390 0.200645   0.019233  
  18400    1.8400     10.930499  406.926942 0.200645   0.019233  
  18600    1.8600     10.770092  402.313433 0.200645   0.019233  
  18800    1.8800     10.611517  397.579578 0.200645   0.019233  
  19000    1.9000     10.454822  392.707646 0.200645   0.019233  
  19200    1.9200     10.300076  387.618237 0.200645   0.019233  
  19400    1.9400     10.147388  382.186441 0.200645   0.019233  
  19600    1.9600     9.996916   376.324433 0.200645   0.019233  
  19800    1.9800     9.848832   370.049686 0.200645   0.019233  
  20000    2.0000     9.703281   363.484474 0.200645   0.019233  

  --- PHASE 1 RESULTS ---
  E(0) = 41.2978733773 → E(T) = 9.7032807071 (change: -76.5042%)
  Ω_max = 1359.7914976465
  C_s = 0.200645 (max |T_k|/(E·k^{3/2}))
  C_L = 0.019233 (max |T_k|/(E·Ω^{1/2}·k^{0.5}))
  γ_avg = -0.2018 (averaged over 100 samples)
  γ < 2? YES ✓
  Energy decreasing? YES ✓

============================================================
  PHASE 2: ADAPTIVE N (ceiling 20)
============================================================

  Step     Time     N_act    Energy       Enstrophy    E_top/E      Status    
  200      0.020    4        6.643618e+00 3.130653e+01 1.488e-01    EXPAND
  400      0.040    5        1.330753e+01 1.232244e+02 5.344e-03    EXPAND
  600      0.060    6        2.675642e+01 4.037053e+02 6.900e-02    EXPAND
  800      0.080    7        4.922634e+01 1.074800e+03 2.775e-02    EXPAND
  1000     0.100    8        8.179271e+01 2.325927e+03 3.887e-02    EXPAND
  1200     0.120    9        1.432587e+02 5.216349e+03 6.376e-04    EXPAND
  1400     0.140    10       2.877983e+02 1.322424e+04 1.770e-02    EXPAND
  1600     0.160    11       7.368240e+02 3.940554e+04 4.506e-03    EXPAND
  1800     0.180    12       4.189415e+03 2.718253e+05 5.898e-03    EXPAND
  2000     0.200    12       nan          nan          0.000e+00    stable (1)
  2200     0.220    12       nan          nan          0.000e+00    stable (2)
  2400     0.240    12       nan          nan          0.000e+00    stable (3)
  2600     0.260    12       nan          nan          0.000e+00    stable (4)
  2800     0.280    12       nan          nan          0.000e+00    stable (5)
  3000     0.300    12       nan          nan          0.000e+00    stable (6)
  3200     0.320    12       nan          nan          0.000e+00    stable (7)
  3400     0.340    12       nan          nan          0.000e+00    stable (8)
  3600     0.360    12       nan          nan          0.000e+00    stable (9)
  3800     0.380    12       nan          nan          0.000e+00    stable (10)
  4000     0.400    12       nan          nan          0.000e+00    stable (11)
  4200     0.420    12       nan          nan          0.000e+00    stable (12)
  4400     0.440    12       nan          nan          0.000e+00    stable (13)
  4600     0.460    12       nan          nan          0.000e+00    stable (14)
  4800     0.480    12       nan          nan          0.000e+00    stable (15)
  5000     0.500    12       nan          nan          0.000e+00    stable (16)
  5200     0.520    12       nan          nan          0.000e+00    stable (17)
  5400     0.540    12       nan          nan          0.000e+00    stable (18)
  5600     0.560    12       nan          nan          0.000e+00    stable (19)
  5800     0.580    12       nan          nan          0.000e+00    stable (20)
  6000     0.600    12       nan          nan          0.000e+00    stable (21)
  6200     0.620    12       nan          nan          0.000e+00    stable (22)
  6400     0.640    12       nan          nan          0.000e+00    stable (23)
  6600     0.660    12       nan          nan          0.000e+00    stable (24)
  6800     0.680    12       nan          nan          0.000e+00    stable (25)
  7000     0.700    12       nan          nan          0.000e+00    stable (26)
  7200     0.720    12       nan          nan          0.000e+00    stable (27)
  7400     0.740    12       nan          nan          0.000e+00    stable (28)
  7600     0.760    12       nan          nan          0.000e+00    stable (29)
  7800     0.780    12       nan          nan          0.000e+00    stable (30)
  8000     0.800    12       nan          nan          0.000e+00    stable (31)
  8200     0.820    12       nan          nan          0.000e+00    stable (32)
  8400     0.840    12       nan          nan          0.000e+00    stable (33)
  8600     0.860    12       nan          nan          0.000e+00    stable (34)
  8800     0.880    12       nan          nan          0.000e+00    stable (35)
  9000     0.900    12       nan          nan          0.000e+00    stable (36)
  9200     0.920    12       nan          nan          0.000e+00    stable (37)
  9400     0.940    12       nan          nan          0.000e+00    stable (38)
  9600     0.960    12       nan          nan          0.000e+00    stable (39)
  9800     0.980    12       nan          nan          0.000e+00    stable (40)
  10000    1.000    12       nan          nan          0.000e+00    stable (41)
  10200    1.020    12       nan          nan          0.000e+00    stable (42)
  10400    1.040    12       nan          nan          0.000e+00    stable (43)
  10600    1.060    12       nan          nan          0.000e+00    stable (44)
  10800    1.080    12       nan          nan          0.000e+00    stable (45)
  11000    1.100    12       nan          nan          0.000e+00    stable (46)
  11200    1.120    12       nan          nan          0.000e+00    stable (47)
  11400    1.140    12       nan          nan          0.000e+00    stable (48)
  11600    1.160    12       nan          nan          0.000e+00    stable (49)
  11800    1.180    12       nan          nan          0.000e+00    stable (50)
  12000    1.200    12       nan          nan          0.000e+00    stable (51)
  12200    1.220    12       nan          nan          0.000e+00    stable (52)
  12400    1.240    12       nan          nan          0.000e+00    stable (53)
  12600    1.260    12       nan          nan          0.000e+00    stable (54)
  12800    1.280    12       nan          nan          0.000e+00    stable (55)
  13000    1.300    12       nan          nan          0.000e+00    stable (56)
  13200    1.320    12       nan          nan          0.000e+00    stable (57)
  13400    1.340    12       nan          nan          0.000e+00    stable (58)
  13600    1.360    12       nan          nan          0.000e+00    stable (59)
  13800    1.380    12       nan          nan          0.000e+00    stable (60)
  14000    1.400    12       nan          nan          0.000e+00    stable (61)
  14200    1.420    12       nan          nan          0.000e+00    stable (62)
  14400    1.440    12       nan          nan          0.000e+00    stable (63)
  14600    1.460    12       nan          nan          0.000e+00    stable (64)
  14800    1.480    12       nan          nan          0.000e+00    stable (65)
  15000    1.500    12       nan          nan          0.000e+00    stable (66)
  15200    1.520    12       nan          nan          0.000e+00    stable (67)
  15400    1.540    12       nan          nan          0.000e+00    stable (68)
  15600    1.560    12       nan          nan          0.000e+00    stable (69)
  15800    1.580    12       nan          nan          0.000e+00    stable (70)
  16000    1.600    12       nan          nan          0.000e+00    stable (71)
  16200    1.620    12       nan          nan          0.000e+00    stable (72)
  16400    1.640    12       nan          nan          0.000e+00    stable (73)
  16600    1.660    12       nan          nan          0.000e+00    stable (74)
  16800    1.680    12       nan          nan          0.000e+00    stable (75)
  17000    1.700    12       nan          nan          0.000e+00    stable (76)
  17200    1.720    12       nan          nan          0.000e+00    stable (77)
  17400    1.740    12       nan          nan          0.000e+00    stable (78)
  17600    1.760    12       nan          nan          0.000e+00    stable (79)
  17800    1.780    12       nan          nan          0.000e+00    stable (80)
  18000    1.800    12       nan          nan          0.000e+00    stable (81)
  18200    1.820    12       nan          nan          0.000e+00    stable (82)
  18400    1.840    12       nan          nan          0.000e+00    stable (83)
  18600    1.860    12       nan          nan          0.000e+00    stable (84)
  18800    1.880    12       nan          nan          0.000e+00    stable (85)
  19000    1.900    12       nan          nan          0.000e+00    stable (86)
  19200    1.920    12       nan          nan          0.000e+00    stable (87)
  19400    1.940    12       nan          nan          0.000e+00    stable (88)
  19600    1.960    12       nan          nan          0.000e+00    stable (89)
  19800    1.980    12       nan          nan          0.000e+00    stable (90)
  20000    2.000    12       nan          nan          0.000e+00    stable (91)
  20200    2.020    12       nan          nan          0.000e+00    stable (92)
  20400    2.040    12       nan          nan          0.000e+00    stable (93)
  20600    2.060    12       nan          nan          0.000e+00    stable (94)
  20800    2.080    12       nan          nan          0.000e+00    stable (95)
  21000    2.100    12       nan          nan          0.000e+00    stable (96)
  21200    2.120    12       nan          nan          0.000e+00    stable (97)
  21400    2.140    12       nan          nan          0.000e+00    stable (98)
  21600    2.160    12       nan          nan          0.000e+00    stable (99)
  21800    2.180    12       nan          nan          0.000e+00    stable (100)
  22000    2.200    12       nan          nan          0.000e+00    stable (101)
  22200    2.220    12       nan          nan          0.000e+00    stable (102)
  22400    2.240    12       nan          nan          0.000e+00    stable (103)
  22600    2.260    12       nan          nan          0.000e+00    stable (104)
  22800    2.280    12       nan          nan          0.000e+00    stable (105)
  23000    2.300    12       nan          nan          0.000e+00    stable (106)
  23200    2.320    12       nan          nan          0.000e+00    stable (107)
  23400    2.340    12       nan          nan          0.000e+00    stable (108)
  23600    2.360    12       nan          nan          0.000e+00    stable (109)
  23800    2.380    12       nan          nan          0.000e+00    stable (110)
  24000    2.400    12       nan          nan          0.000e+00    stable (111)
  24200    2.420    12       nan          nan          0.000e+00    stable (112)
  24400    2.440    12       nan          nan          0.000e+00    stable (113)
  24600    2.460    12       nan          nan          0.000e+00    stable (114)
  24800    2.480    12       nan          nan          0.000e+00    stable (115)
  25000    2.500    12       nan          nan          0.000e+00    stable (116)
  25200    2.520    12       nan          nan          0.000e+00    stable (117)
  25400    2.540    12       nan          nan          0.000e+00    stable (118)
  25600    2.560    12       nan          nan          0.000e+00    stable (119)
  25800    2.580    12       nan          nan          0.000e+00    stable (120)
  26000    2.600    12       nan          nan          0.000e+00    stable (121)
  26200    2.620    12       nan          nan          0.000e+00    stable (122)
  26400    2.640    12       nan          nan          0.000e+00    stable (123)
  26600    2.660    12       nan          nan          0.000e+00    stable (124)
  26800    2.680    12       nan          nan          0.000e+00    stable (125)
  27000    2.700    12       nan          nan          0.000e+00    stable (126)
  27200    2.720    12       nan          nan          0.000e+00    stable (127)
  27400    2.740    12       nan          nan          0.000e+00    stable (128)
  27600    2.760    12       nan          nan          0.000e+00    stable (129)
  27800    2.780    12       nan          nan          0.000e+00    stable (130)
  28000    2.800    12       nan          nan          0.000e+00    stable (131)
  28200    2.820    12       nan          nan          0.000e+00    stable (132)
  28400    2.840    12       nan          nan          0.000e+00    stable (133)
  28600    2.860    12       nan          nan          0.000e+00    stable (134)
  28800    2.880    12       nan          nan          0.000e+00    stable (135)
  29000    2.900    12       nan          nan          0.000e+00    stable (136)
  29200    2.920    12       nan          nan          0.000e+00    stable (137)
  29400    2.940    12       nan          nan          0.000e+00    stable (138)
  29600    2.960    12       nan          nan          0.000e+00    stable (139)
  29800    2.980    12       nan          nan          0.000e+00    stable (140)
  30000    3.000    12       nan          nan          0.000e+00    stable (141)
  30200    3.020    12       nan          nan          0.000e+00    stable (142)
  30400    3.040    12       nan          nan          0.000e+00    stable (143)
  30600    3.060    12       nan          nan          0.000e+00    stable (144)
  30800    3.080    12       nan          nan          0.000e+00    stable (145)
  31000    3.100    12       nan          nan          0.000e+00    stable (146)
  31200    3.120    12       nan          nan          0.000e+00    stable (147)
  31400    3.140    12       nan          nan          0.000e+00    stable (148)
  31600    3.160    12       nan          nan          0.000e+00    sta