################################################################
#  UNIVERSALITY VERIFICATION — C_s BOUND                      #
################################################################

  ν = 0.010000
  A = 1.0000
  IC = random-seed42 (3)
  N_max = 8
  N_ceiling = 20 (adaptive)
  dt = 1.00e-04 (CFL-based)
  Total steps = 20000 (T = 2.00)
  Sample interval = 200

============================================================
  PHASE 1: CASCADE EXPONENT AND C_s (fixed N=8)
============================================================

  Modes: 2108

  E(0) = 27.7545088784
  Ω(0) = 885.4109810848

  Step     Time       Energy     Enstrophy  max_Cs     max_Cl    
  200      0.0200     27.410919  872.616646 0.054150   0.010082  
  400      0.0400     27.071713  863.425816 0.126623   0.023701  
  600      0.0600     26.735597  857.642019 0.130980   0.024599  
  800      0.0800     26.401407  854.529190 0.130980   0.024599  
  1000     0.1000     26.068301  852.955730 0.130980   0.024599  
  1200     0.1200     25.735815  851.913887 0.130980   0.024599  
  1400     0.1400     25.403703  851.107269 0.130980   0.024599  
  1600     0.1600     25.071618  851.077512 0.130980   0.024599  
  1800     0.1800     24.739002  852.025868 0.130980   0.024599  
  2000     0.2000     24.405591  852.539737 0.130980   0.024599  
  2200     0.2200     24.072013  850.473362 0.130980   0.024599  
  2400     0.2400     23.739633  844.968591 0.130980   0.024599  
  2600     0.2600     23.409787  836.953976 0.130980   0.024599  
  2800     0.2800     23.083251  827.915603 0.130980   0.024599  
  3000     0.3000     22.760276  818.765689 0.130980   0.024599  
  3200     0.3200     22.440877  809.695216 0.130980   0.024599  
  3400     0.3400     22.125044  800.530999 0.130980   0.024599  
  3600     0.3600     21.812813  791.240323 0.130980   0.024599  
  3800     0.3800     21.504143  782.236638 0.130980   0.024599  
  4000     0.4000     21.198806  773.903760 0.130980   0.024599  
  4200     0.4200     20.896569  765.867661 0.130980   0.024599  
  4400     0.4400     20.597485  757.273753 0.130980   0.024599  
  4600     0.4600     20.301896  747.639887 0.130980   0.024599  
  4800     0.4800     20.010205  737.044310 0.130980   0.024599  
  5000     0.5000     19.722735  725.773671 0.130980   0.024599  
  5200     0.5200     19.439702  714.138722 0.130980   0.024599  
  5400     0.5400     19.161199  702.466014 0.130980   0.024599  
  5600     0.5600     18.887186  691.012672 0.130980   0.024599  
  5800     0.5800     18.617535  679.920134 0.130980   0.024599  
  6000     0.6000     18.352079  669.289230 0.130980   0.024599  
  6200     0.6200     18.090618  659.216831 0.130980   0.024599  
  6400     0.6400     17.832919  649.795354 0.130980   0.024599  
  6600     0.6600     17.578696  641.170917 0.130980   0.024599  
  6800     0.6800     17.327588  633.522886 0.130980   0.024599  
  7000     0.7000     17.079191  626.844173 0.130980   0.024599  
  7200     0.7200     16.833191  620.729228 0.130980   0.024599  
  7400     0.7400     16.589509  614.483804 0.130980   0.024599  
  7600     0.7600     16.348333  607.539978 0.130980   0.024599  
  7800     0.7800     16.109988  599.775833 0.130980   0.024599  
  8000     0.8000     15.874763  591.455213 0.130980   0.024599  
  8200     0.8200     15.642813  582.951009 0.130980   0.024599  
  8400     0.8400     15.414163  574.548424 0.130980   0.024599  
  8600     0.8600     15.188755  566.390596 0.130980   0.024599  
  8800     0.8800     14.966498  558.481188 0.130980   0.024599  
  9000     0.9000     14.747311  550.724751 0.130980   0.024599  
  9200     0.9200     14.531148  543.020079 0.130980   0.024599  
  9400     0.9400     14.317989  535.333626 0.130980   0.024599  
  9600     0.9600     14.107820  527.670369 0.130980   0.024599  
  9800     0.9800     13.900638  519.997879 0.130980   0.024599  
  10000    1.0000     13.696471  512.246860 0.130980   0.024599  
  10200    1.0200     13.495368  504.396816 0.130980   0.024599  
  10400    1.0400     13.297363  496.533163 0.130980   0.024599  
  10600    1.0600     13.102435  488.793437 0.130980   0.024599  
  10800    1.0800     12.910511  481.254551 0.130980   0.024599  
  11000    1.1000     12.721512  473.880314 0.130980   0.024599  
  11200    1.1200     12.535390  466.566849 0.130980   0.024599  
  11400    1.1400     12.352148  459.218326 0.130980   0.024599  
  11600    1.1600     12.171815  451.789274 0.130980   0.024599  
  11800    1.1800     11.994421  444.294148 0.130980   0.024599  
  12000    1.2000     11.819979  436.798330 0.130980   0.024599  
  12200    1.2200     11.648465  429.382713 0.130980   0.024599  
  12400    1.2400     11.479832  422.094072 0.130980   0.024599  
  12600    1.2600     11.314030  414.926691 0.130980   0.024599  
  12800    1.2800     11.151019  407.854305 0.130980   0.024599  
  13000    1.3000     10.990769  400.877567 0.130980   0.024599  
  13200    1.3200     10.833237  394.047762 0.130980   0.024599  
  13400    1.3400     10.678351  387.462442 0.130980   0.024599  
  13600    1.3600     10.525992  381.244403 0.130980   0.024599  
  13800    1.3800     10.375990  375.505156 0.130980   0.024599  
  14000    1.4000     10.228143  370.293833 0.130980   0.024599  
  14200    1.4200     10.082250  365.554345 0.130980   0.024599  
  14400    1.4400     9.938153   361.126328 0.130980   0.024599  
  14600    1.4600     9.795772   356.799341 0.130980   0.024599  
  14800    1.4800     9.655106   352.386800 0.130980   0.024599  
  15000    1.5000     9.516216   347.776801 0.130980   0.024599  
  15200    1.5200     9.379185   342.946172 0.130980   0.024599  
  15400    1.5400     9.244091   337.947672 0.130980   0.024599  
  15600    1.5600     9.110979   332.878767 0.130980   0.024599  
  15800    1.5800     8.979854   327.837067 0.130980   0.024599  
  16000    1.6000     8.850694   322.877821 0.130980   0.024599  
  16200    1.6200     8.723465   317.997038 0.130980   0.024599  
  16400    1.6400     8.598147   313.151780 0.130980   0.024599  
  16600    1.6600     8.474739   308.303503 0.130980   0.024599  
  16800    1.6800     8.353246   303.454381 0.130980   0.024599  
  17000    1.7000     8.233664   298.653500 0.130980   0.024599  
  17200    1.7200     8.115959   293.971745 0.130980   0.024599  
  17400    1.7400     8.000073   289.464517 0.130980   0.024599  
  17600    1.7600     7.885931   285.146783 0.130980   0.024599  
  17800    1.7800     7.773461   280.993509 0.130980   0.024599  
  18000    1.8000     7.662605   276.961082 0.130980   0.024599  
  18200    1.8200     7.553323   273.014387 0.130980   0.024599  
  18400    1.8400     7.445584   269.143517 0.130980   0.024599  
  18600    1.8600     7.339355   265.362039 0.130980   0.024599  
  18800    1.8800     7.234595   261.691233 0.130980   0.024599  
  19000    1.9000     7.131258   258.143142 0.130980   0.024599  
  19200    1.9200     7.029295   254.712468 0.130980   0.024599  
  19400    1.9400     6.928664   251.377755 0.130980   0.024599  
  19600    1.9600     6.829335   248.106929 0.130980   0.024599  
  19800    1.9800     6.731291   244.864307 0.130980   0.024599  
  20000    2.0000     6.634528   241.618774 0.130980   0.024599  

  --- PHASE 1 RESULTS ---
  E(0) = 27.7545088784 → E(T) = 6.6345279657 (change: -76.0957%)
  Ω_max = 885.4109810848
  C_s = 0.130980 (max |T_k|/(E·k^{3/2}))
  C_L = 0.024599 (max |T_k|/(E·Ω^{1/2}·k^{0.5}))
  γ_avg = 0.0620 (averaged over 100 samples)
  γ < 2? YES ✓
  Energy decreasing? YES ✓

============================================================
  PHASE 2: ADAPTIVE N (ceiling 20)
============================================================

  Step     Time     N_act    Energy       Enstrophy    E_top/E      Status    
  200      0.020    4        4.120206e+00 1.887195e+01 1.357e-01    EXPAND
  400      0.040    5        8.270818e+00 7.666849e+01 6.463e-03    EXPAND
  600      0.060    6        1.657148e+01 2.457629e+02 4.467e-02    EXPAND
  800      0.080    7        3.001029e+01 6.547055e+02 3.991e-02    EXPAND
  1000     0.100    8        4.728697e+01 1.372899e+03 4.073e-02    EXPAND
  1200     0.120    9        7.395769e+01 2.792985e+03 9.262e-04    EXPAND
  1400     0.140    10       1.241012e+02 5.898324e+03 1.880e-02    EXPAND
  1600     0.160    11       2.193282e+02 1.230102e+04 3.797e-03    EXPAND
  1800     0.180    12       5.129323e+02 3.349428e+04 5.915e-03    EXPAND
  2000     0.200    13       1.940306e+03 1.479440e+05 1.421e-03    EXPAND
  2200     0.220    14       3.274192e+04 3.157235e+06 2.936e-03    EXPAND
  2400     0.240    14       nan          nan          0.000e+00    stable (1)
  2600     0.260    14       nan          nan          0.000e+00    stable (2)
  2800     0.280    14       nan          nan          0.000e+00    stable (3)
  3000     0.300    14       nan          nan          0.000e+00    stable (4)
  3200     0.320    14       nan          nan          0.000e+00    stable (5)
  3400     0.340    14       nan          nan          0.000e+00    stable (6)
  3600     0.360    14       nan          nan          0.000e+00    stable (7)
  3800     0.380    14       nan          nan          0.000e+00    stable (8)
  4000     0.400    14       nan          nan          0.000e+00    stable (9)
  4200     0.420    14       nan          nan          0.000e+00    stable (10)
  4400     0.440    14       nan          nan          0.000e+00    stable (11)
  4600     0.460    14       nan          nan          0.000e+00    stable (12)
  4800     0.480    14       nan          nan          0.000e+00    stable (13)
  5000     0.500    14       nan          nan          0.000e+00    stable (14)
  5200     0.520    14       nan          nan          0.000e+00    stable (15)
  5400     0.540    14       nan          nan          0.000e+00    stable (16)
  5600     0.560    14       nan          nan          0.000e+00    stable (17)
  5800     0.580    14       nan          nan          0.000e+00    stable (18)
  6000     0.600    14       nan          nan          0.000e+00    stable (19)
  6200     0.620    14       nan          nan          0.000e+00    stable (20)
  6400     0.640    14       nan          nan          0.000e+00    stable (21)
  6600     0.660    14       nan          nan          0.000e+00    stable (22)
  6800     0.680    14       nan          nan          0.000e+00    stable (23)
  7000     0.700    14       nan          nan          0.000e+00    stable (24)
  7200     0.720    14       nan          nan          0.000e+00    stable (25)
  7400     0.740    14       nan          nan          0.000e+00    stable (26)
  7600     0.760    14       nan          nan          0.000e+00    stable (27)
  7800     0.780    14       nan          nan          0.000e+00    stable (28)
  8000     0.800    14       nan          nan          0.000e+00    stable (29)
  8200     0.820    14       nan          nan          0.000e+00    stable (30)
  8400     0.840    14       nan          nan          0.000e+00    stable (31)
  8600     0.860    14       nan          nan          0.000e+00    stable (32)
  8800     0.880    14       nan          nan          0.000e+00    stable (33)
  9000     0.900    14       nan          nan          0.000e+00    stable (34)
  9200     0.920    14       nan          nan          0.000e+00    stable (35)
  9400     0.940    14       nan          nan          0.000e+00    stable (36)
  9600     0.960    14       nan          nan          0.000e+00    stable (37)
  9800     0.980    14       nan          nan          0.000e+00    stable (38)
  10000    1.000    14       nan          nan          0.000e+00    stable (39)
  10200    1.020    14       nan          nan          0.000e+00    stable (40)
  10400    1.040    14       nan          nan          0.000e+00    stable (41)
  10600    1.060    14       nan          nan          0.000e+00    stable (42)
  10800    1.080    14       nan          nan          0.000e+00    stable (43)
  11000    1.100    14       nan          nan          0.000e+00    stable (44)
  11200    1.120    14       nan          nan          0.000e+00    stable (45)
  11400    1.140    14       nan          nan          0.000e+00    stable (46)
  11600    1.160    14       nan          nan          0.000e+00    stable (47)
  11800    1.180    14       nan          nan          0.000e+00    stable (48)
  12000    1.200    14       nan          nan          0.000e+00    stable (49)
  12200    1.220    14       nan          nan          0.000e+00    stable (50)
  12400    1.240    14       nan          nan          0.000e+00    stable (51)
  12600    1.260    14       nan          nan          0.000e+00    stable (52)
  12800    1.280    14       nan          nan          0.000e+00    stable (53)
  13000    1.300    14       nan          nan          0.000e+00    stable (54)
  13200    1.320    14       nan          nan          0.000e+00    stable (55)
  13400    1.340    14       nan          nan          0.000e+00    stable (56)
  13600    1.360    14       nan          nan          0.000e+00    stable (57)
  13800    1.380    14       nan          nan          0.000e+00    stable (58)
  14000    1.400    14       nan          nan          0.000e+00    stable (59)
  14200    1.420    14       nan          nan          0.000e+00    stable (60)
  14400    1.440    14       nan          nan          0.000e+00    stable (61)
  14600    1.460    14       nan          nan          0.000e+00    stable (62)
  14800    1.480    14       nan          nan          0.000e+00    stable (63)
  15000    1.500    14       nan          nan          0.000e+00    stable (64)
  15200    1.520    14       nan          nan          0.000e+00    stable (65)
  15400    1.540    14       nan          nan          0.000e+00    stable (66)
  15600    1.560    14       nan          nan          0.000e+00    stable (67)
  15800    1.580    14       nan          nan          0.000e+00    stable (68)
  16000    1.600    14       nan          nan          0.000e+00    stable (69)
  16200    1.620    14       nan          nan          0.000e+00    stable (70)
  16400    1.640    14       nan          nan          0.000e+00    stable (71)
  16600    1.660    14       nan          nan          0.000e+00    stable (72)
  16800    1.680    14       nan          nan          0.000e+00    stable (73)
  17000    1.700    14       nan          nan          0.000e+00    stable (74)
  17200    1.720    14       nan          nan          0.000e+00    stable (75)
  17400    1.740    14       nan          nan          0.000e+00    stable (76)
  17600    1.760    14       nan          nan          0.000e+00    stable (77)
  17800    1.780    14       nan          nan          0.000e+00    stable (78)
  18000    1.800    14       nan          nan          0.000e+00    stable (79)
  18200    1.820    14       nan          nan          0.000e+00    stable (80)
  18400    1.840    14       nan          nan          0.000e+00    stable (81)
  18600    1.860    14       nan          nan          0.000e+00    stable (82)
  18800    1.880    14       nan          nan          0.000e+00    stable (83)
  19000    1.900    14       nan          nan          0.000e+00    stable (84)
  19200    1.920    14       nan          nan          0.000e+00    stable (85)
  19400    1.940    14       nan          nan          0.000e+00    stable (86)
  19600    1.960    14       nan          nan          0.000e+00    stable (87)
  19800    1.980    14       nan          nan          0.000e+00    stable (88)
  20000    2.000    14       nan          nan          0.000e+00    stable (89)
  20200    2.020    14       nan          nan          0.000e+00    stable (90)
  20400    2.040    14       nan          nan          0.000e+00    stable (91)
  20600    2.060    14       nan          nan          0.000e+00    stable (92)
  20800    2.080    14       nan          nan          0.000e+00    stable (93)
  21000    2.100    14       nan          nan          0.000e+00    stable (94)
  21200    2.120    14       nan          nan          0.000e+00    stable (95)
  21400    2.140    14       nan          nan          0.000e+00    stable (96)
  21600    2.160    14       nan          nan          0.000e+00    stable (97)
  21800    2.180    14       nan          nan          0.000e+00    stable (98)
  22000    2.200    14       nan          nan          0.000e+00    stable (99)
  22200    2.220    14       nan          nan          0.000e+00    stable (100)
  22400    2.240    14       nan          nan          0.000e+00    stable (101)
  22600    2.260    14       nan          nan          0.000e+00    stable (102)
  22800    2.280    14       nan          nan          0.000e+00    stable (103)
  23000    2.300    14       nan          nan          0.000e+00    stable (104)
  23200    2.320    14       nan          nan          0.000e+00    stable (105)
  23400    2.340    14       nan          nan          0.000e+00    stable (106)
  23600    2.360    14       nan          nan          0.000e+00    stable (107)
  23800    2.380    14       nan          nan          0.000e+00    stable (108)
  24000    2.400    14       nan          nan          0.000e+00    stable (109)
  24200    2.420    14       nan          nan          0.000e+00    stable (110)
  24400    2.440    14       nan          nan          0.000e+00    stable (111)
  24600    2.460    14       nan          nan          0.000e+00    stable (112)
  24800    2.480    14       nan          nan          0.000e+00    stable (113)
  25000    2.500    14       nan          nan          0.000e+00    stable (114)
  25200    2.520    14       nan          nan          0.000e+00    stable (115)
  25400    2.540    14       nan          nan          0.000e+00    stable (116)
  25600    2.560    14       nan          nan          0.000e+00    stable (117)
  25800    2.580    14       nan          nan          0.000e+00    stable (118)
  26000    2.600    14       nan          nan          0.000e+00    stable (119)
  26200    2.620    14       nan          nan          0.000e+00    stable (120)
  26400    2.640    14       nan          nan          0.000e+00    stable (121)
  26600    2.660    14       nan          nan          0.000e+00    stable (122)
  26800    2.680    14       nan          nan          0.000e+00    stable (123)
  27000    2.700    14       nan          nan          0.000e+00    stable (124)
  27200    2.720    14       nan          nan          0.000e+00    stable (125)
  27400    2.740    14       nan          nan          0.000e+00    stable (126)
  27600    2.760    14       nan          nan          0.000e+00    stable (127)
  27800    2.780    14       nan          nan          0.000e+00    stable (128)
  28000    2.800    14       nan          nan          0.000e+00    stable (129)
  28200    2.820    14       nan          nan          0.000e+00    stable (130)
  28400    2.840    14       nan          nan          0.000e+00    stable (131)
  28600    2.860    14       nan          nan          0.000e+00    stable (132)
  28800    2.880    14       nan          nan          0.000e+00    stable (133)
  29000    2.900    14       nan          nan          0.000e+00    stable (134)
  29200    2.920    14       nan          nan          0.000e+00    stable (135)
  29400    2.940    14       nan          nan          0.000e+00    stable (136)
  29600    2.960    14       nan          nan          0.000e+00    stable (137)
  29800    2.980    14       nan          nan          0.000e+00    stable (138)
  30000    3.000    14       nan          nan          0.000e+00    stable (139)
  30200    3.020    14       nan          nan          0.000e+00    stable (140)
  30400    3.040    14       nan          nan          0.000e+00    stable (141)
  30600    3.060    14       nan          nan          0.000e+00    stable (142)
  30800    3.080    14       nan          nan          0.000e+00    stable (143)
  31000    3.100    14       nan          nan          0.000e+00    stable (144)
  31200    3.120    14       nan          nan          0.000e+00    stable (145)
  31400    3.140    14       nan          nan          0.000e+00    stable (146)
  31600    3.160    14       nan          nan          0.000e+00    stable (147)
  31800    3.180    14       nan          nan          0.000e+00    stable (148)
  32000    3.200    14       nan          nan          0.000e+00    stable (149)
  32200    3.220    14       nan          nan          0.000e+00    stable (150)
  32400    3.240    14       nan          nan          0.000e+00    stable (151)
  32600    3.260    14       nan          nan          0.000e+00    stable (152)
  32800    3.280    14       nan          nan          0.000e+00    stable (153)
  33000    3.300    14       nan          nan          0.000e+00    stable (154)
  33200    3.320    14       nan          nan          0.000e+00    stable (155)
  33400    3.340    14       nan          nan          0.000e+00    stable (156)
  33600    3.360    14       nan          nan          0.000e+00    stable (157)
  33800    3.380    14       nan          nan          0.000e+00    stable (158)
  34000    3.400    14       nan          nan          0.000e+00    stable (159)
  34200    3.420    14       nan          nan          0.000e+00    stable (160)
  34400    3.440    14       nan          nan          0.000e+00    stable (161)
  34600    3.460    14       nan          nan          0.000e+00    stable (162)
  34800    3.480    14       nan          nan          0.000e+00    stable (163)
  35000    3.500    14       nan          nan          0.000e+00    stable (164)
  35200    3.520    14       nan          nan          0.000e+00    stable (165)
  35400    3.540    14       nan          nan          0.000e+00    stable (166)
  35600    3.560    14       nan          nan          0.000e+00    stable (167)
  35800    3.580    14       nan          nan          0.000e+00    stable (168)
  36000    3.600    14       nan          nan          0.000e+00    stable (169)
  36200    3.620    14       nan          nan          0.000e+00    stable (170)
  36400    3.640    14       nan          nan          0.000e+00    stable (171)
  36600    3.660    14       nan          nan          0.000e+00    stable (172)
  36800    3.680    14       nan          nan          0.000e+00    stable (173)
  37000    3.700    14       nan          nan          0.000e+00    stable (174)
  37200    3.720    14       nan          nan          0.000e+00    stable (175)
  37400    3.740    14       nan          nan          0.000e+00    stable (176)
  37600    3.760    14       nan          nan          0.000e+00    stable (177)
  37800    3.780    14       nan          nan          0.000e+00    stable (178)
  38000    3.800    14       nan          nan          0.000e+00    stable (179)
  38200    3.820    14       nan          nan          0.000e+00    stable (180)
  38400    3.840    14       nan          nan          0.000e+00    stable (181)
  38600    3.860    14       nan          nan          0.000e+00    stable (182)
  38800    3.880    14       nan          nan          0.000e+00    stable (183)
  39000    3.900    14       nan          nan          0.000e+00    stable (184)
  39200    3.920    14       nan          nan          0.000e+00    stable (185)
  39400    3.940    14       nan          nan          0.000e+00    stable (186)
  39600    3.960    14       nan          nan          0.000e+00    stable (187)
  39800    3.980    14       nan          nan          0.000e+00    stable (188)
  40000    4.000    14       nan          nan          0.000e+00    stable (189)

  --- PHASE 2 RESULTS ---
  N_max reached: 14
  N_active at end: 14 (stable for 189 samples)
  E(0) = 4.1277354113 → E(T) = nan (change: nan%)
  Hit ceiling? NO ✓
  Cascade stabilised? YES ✓

################################################################
#  UNIVERSALITY SUMMARY                                       #
################################################################

  ν = 0.010000, A = 1.0000, IC = random-seed42
  C_s = 0.130980 (need: bounded, ideally ≤ 0.123)
  C_L = 0.024599 (need: bounded, ideally ≤ 0.031)
  γ = 0.0620 (need: < 2)
  Ω_max = 885.410981 (need: bounded)
  N_stable = 14 (need: finite)
  Energy decreasing: NO

  PASS = C_s bounded AND γ < 2 AND energy decreasing AND N stable
  RESULT: FAIL ✗

