################################################################
#  UNIVERSALITY VERIFICATION — C_s BOUND                      #
################################################################

  ν = 0.001000
  A = 1.0000
  IC = distributed (0)
  N_max = 8
  N_ceiling = 20 (adaptive)
  dt = 1.00e-04 (CFL-based)
  Total steps = 20000 (T = 2.00)
  Sample interval = 200

============================================================
  PHASE 1: CASCADE EXPONENT AND C_s (fixed N=8)
============================================================

  Modes: 2108

  E(0) = 165.1914935091
  Ω(0) = 5219.0224994110

  Step     Time       Energy     Enstrophy  max_Cs     max_Cl    
  200      0.0200     165.424096 5512.514619 0.308625   0.015888  
  400      0.0400     165.603647 5800.529984 0.308625   0.015888  
  600      0.0600     165.784608 5977.563210 0.308625   0.015888  
  800      0.0800     165.956238 6059.318920 0.308625   0.015888  
  1000     0.1000     166.102555 6094.895637 0.308625   0.015888  
  1200     0.1200     166.228625 6234.938234 0.308625   0.015888  
  1400     0.1400     166.337384 6321.870452 0.308625   0.015888  
  1600     0.1600     166.431375 6341.684711 0.308625   0.015888  
  1800     0.1800     166.521891 6356.875249 0.308625   0.015888  
  2000     0.2000     166.602251 6376.207480 0.308625   0.015888  
  2200     0.2200     166.671934 6380.897441 0.308625   0.015888  
  2400     0.2400     166.738419 6384.133702 0.308625   0.015888  
  2600     0.2600     166.802534 6373.135035 0.308625   0.015888  
  2800     0.2800     166.861367 6359.042709 0.308625   0.015888  
  3000     0.3000     166.912112 6392.210968 0.308625   0.015888  
  3200     0.3200     166.965535 6410.006301 0.308625   0.015888  
  3400     0.3400     167.031663 6358.875189 0.308625   0.015888  
  3600     0.3600     167.109791 6310.681923 0.308625   0.015888  
  3800     0.3800     167.194198 6316.548978 0.308625   0.015888  
  4000     0.4000     167.276508 6376.007205 0.308625   0.015888  
  4200     0.4200     167.346299 6449.644966 0.308625   0.015888  
  4400     0.4400     167.400985 6464.082203 0.308625   0.015888  
  4600     0.4600     167.453054 6407.219082 0.308625   0.015888  
  4800     0.4800     167.512067 6376.432663 0.308625   0.015888  
  5000     0.5000     167.584853 6348.862935 0.308625   0.015888  
  5200     0.5200     167.656286 6357.747383 0.308625   0.015888  
  5400     0.5400     167.724277 6376.403062 0.308625   0.015888  
  5600     0.5600     167.797469 6364.637295 0.308625   0.015888  
  5800     0.5800     167.869576 6390.896171 0.308625   0.015888  
  6000     0.6000     167.941962 6458.752686 0.308625   0.015888  
  6200     0.6200     168.013578 6512.693227 0.308625   0.015888  
  6400     0.6400     168.087392 6473.372860 0.308625   0.015888  
  6600     0.6600     168.163665 6417.385211 0.308625   0.015888  
  6800     0.6800     168.230875 6401.053350 0.308625   0.015888  
  7000     0.7000     168.291699 6430.460264 0.308625   0.015888  
  7200     0.7200     168.356504 6415.351519 0.308625   0.015888  
  7400     0.7400     168.431694 6411.277394 0.308625   0.015888  
  7600     0.7600     168.510812 6423.790309 0.308625   0.015888  
  7800     0.7800     168.589626 6425.333574 0.308625   0.015888  
  8000     0.8000     168.665661 6389.139140 0.308625   0.015888  
  8200     0.8200     168.746656 6364.730250 0.308625   0.015888  
  8400     0.8400     168.828486 6383.875550 0.308625   0.015888  
  8600     0.8600     168.905577 6399.660898 0.308625   0.015888  
  8800     0.8800     168.980793 6411.610115 0.308625   0.015888  
  9000     0.9000     169.051846 6454.172164 0.308625   0.015888  
  9200     0.9200     169.120952 6435.779201 0.308625   0.015888  
  9400     0.9400     169.196914 6394.876893 0.308625   0.015888  
  9600     0.9600     169.277619 6345.390744 0.308625   0.015888  
  9800     0.9800     169.367568 6291.994072 0.308625   0.015888  
  10000    1.0000     169.464474 6301.585625 0.308625   0.015888  
  10200    1.0200     169.556610 6350.070864 0.308625   0.015888  
  10400    1.0400     169.634349 6355.771624 0.308625   0.015888  
  10600    1.0600     169.713755 6369.208757 0.308625   0.015888  
  10800    1.0800     169.801924 6397.610586 0.308625   0.015888  
  11000    1.1000     169.881354 6447.819093 0.308625   0.015888  
  11200    1.1200     169.949184 6508.464337 0.308625   0.015888  
  11400    1.1400     170.020175 6537.049207 0.308625   0.015888  
  11600    1.1600     170.099061 6503.017107 0.308625   0.015888  
  11800    1.1800     170.183485 6419.198680 0.308625   0.015888  
  12000    1.2000     170.266685 6392.927618 0.308625   0.015888  
  12200    1.2200     170.349990 6426.552126 0.308625   0.015888  
  12400    1.2400     170.436381 6434.430955 0.308625   0.015888  
  12600    1.2600     170.521258 6471.965144 0.308625   0.015888  
  12800    1.2800     170.604006 6484.033418 0.308625   0.015888  
  13000    1.3000     170.683264 6444.699884 0.308625   0.015888  
  13200    1.3200     170.762181 6460.896934 0.308625   0.015888  
  13400    1.3400     170.841530 6523.445331 0.308625   0.015888  
  13600    1.3600     170.914230 6589.251460 0.308625   0.015888  
  13800    1.3800     170.994196 6573.451777 0.308625   0.015888  
  14000    1.4000     171.084067 6534.429185 0.308625   0.015888  
  14200    1.4200     171.168821 6524.667358 0.308625   0.015888  
  14400    1.4400     171.245167 6507.697886 0.308625   0.015888  
  14600    1.4600     171.324395 6469.767201 0.308625   0.015888  
  14800    1.4800     171.410904 6463.848604 0.308625   0.015888  
  15000    1.5000     171.492539 6553.627045 0.308625   0.015888  
  15200    1.5200     171.556584 6636.581619 0.308625   0.015888  
  15400    1.5400     171.622069 6611.344786 0.308625   0.015888  
  15600    1.5600     171.696044 6589.112934 0.308625   0.015888  
  15800    1.5800     171.773707 6560.357541 0.308625   0.015888  
  16000    1.6000     171.856026 6518.789854 0.308625   0.015888  
  16200    1.6200     171.946515 6494.426972 0.308625   0.015888  
  16400    1.6400     172.033511 6485.265071 0.308625   0.015888  
  16600    1.6600     172.113915 6506.588661 0.308625   0.015888  
  16800    1.6800     172.194828 6515.072266 0.308625   0.015888  
  17000    1.7000     172.263883 6554.829432 0.308625   0.015888  
  17200    1.7200     172.327336 6568.105899 0.308625   0.015888  
  17400    1.7400     172.402762 6540.517889 0.308625   0.015888  
  17600    1.7600     172.485153 6562.175339 0.308625   0.015888  
  17800    1.7800     172.562948 6598.456421 0.308625   0.015888  
  18000    1.8000     172.641973 6578.012342 0.308625   0.015888  
  18200    1.8200     172.730719 6555.862976 0.308625   0.015888  
  18400    1.8400     172.823445 6595.603521 0.308625   0.015888  
  18600    1.8600     172.914157 6601.659583 0.308625   0.015888  
  18800    1.8800     173.008470 6527.590697 0.308625   0.015888  
  19000    1.9000     173.103919 6495.036862 0.308625   0.015888  
  19200    1.9200     173.203774 6561.221250 0.308625   0.015888  
  19400    1.9400     173.317978 6605.502475 0.308625   0.015888  
  19600    1.9600     173.473654 6555.923750 0.308625   0.015888  
  19800    1.9800     173.719689 6507.036150 0.308625   0.015888  
  20000    2.0000     174.102554 6560.859089 0.308625   0.015888  

  --- PHASE 1 RESULTS ---
  E(0) = 165.1914935091 → E(T) = 174.1025537956 (change: 5.3944%)
  Ω_max = 6636.5816194328
  C_s = 0.308625 (max |T_k|/(E·k^{3/2}))
  C_L = 0.015888 (max |T_k|/(E·Ω^{1/2}·k^{0.5}))
  γ_avg = 0.2997 (averaged over 100 samples)
  γ < 2? YES ✓
  Energy decreasing? NO ✗

============================================================
  PHASE 2: ADAPTIVE N (ceiling 20)
============================================================

  Step     Time     N_act    Energy       Enstrophy    E_top/E      Status    
  200      0.020    4        2.662179e+01 1.260141e+02 1.476e-01    EXPAND
  400      0.040    5        5.458881e+01 5.027868e+02 7.297e-03    EXPAND
  600      0.060    6        1.148693e+02 1.710373e+03 6.007e-02    EXPAND
  800      0.080    7        2.399271e+02 5.098325e+03 2.016e-02    EXPAND
  1000     0.100    8        5.255890e+02 1.423788e+04 2.321e-02    EXPAND
  1200     0.120    9        1.746635e+03 5.872253e+04 4.451e-04    EXPAND
  1400     0.140    10       1.707436e+04 7.603743e+05 1.492e-02    EXPAND
  1600     0.160    10       nan          nan          0.000e+00    stable (1)
  1800     0.180    10       nan          nan          0.000e+00    stable (2)
  2000     0.200    10       nan          nan          0.000e+00    stable (3)
  2200     0.220    10       nan          nan          0.000e+00    stable (4)
  2400     0.240    10       nan          nan          0.000e+00    stable (5)
  2600     0.260    10       nan          nan          0.000e+00    stable (6)
  2800     0.280    10       nan          nan          0.000e+00    stable (7)
  3000     0.300    10       nan          nan          0.000e+00    stable (8)
  3200     0.320    10       nan          nan          0.000e+00    stable (9)
  3400     0.340    10       nan          nan          0.000e+00    stable (10)
  3600     0.360    10       nan          nan          0.000e+00    stable (11)
  3800     0.380    10       nan          nan          0.000e+00    stable (12)
  4000     0.400    10       nan          nan          0.000e+00    stable (13)
  4200     0.420    10       nan          nan          0.000e+00    stable (14)
  4400     0.440    10       nan          nan          0.000e+00    stable (15)
  4600     0.460    10       nan          nan          0.000e+00    stable (16)
  4800     0.480    10       nan          nan          0.000e+00    stable (17)
  5000     0.500    10       nan          nan          0.000e+00    stable (18)
  5200     0.520    10       nan          nan          0.000e+00    stable (19)
  5400     0.540    10       nan          nan          0.000e+00    stable (20)
  5600     0.560    10       nan          nan          0.000e+00    stable (21)
  5800     0.580    10       nan          nan          0.000e+00    stable (22)
  6000     0.600    10       nan          nan          0.000e+00    stable (23)
  6200     0.620    10       nan          nan          0.000e+00    stable (24)
  6400     0.640    10       nan          nan          0.000e+00    stable (25)
  6600     0.660    10       nan          nan          0.000e+00    stable (26)
  6800     0.680    10       nan          nan          0.000e+00    stable (27)
  7000     0.700    10       nan          nan          0.000e+00    stable (28)
  7200     0.720    10       nan          nan          0.000e+00    stable (29)
  7400     0.740    10       nan          nan          0.000e+00    stable (30)
  7600     0.760    10       nan          nan          0.000e+00    stable (31)
  7800     0.780    10       nan          nan          0.000e+00    stable (32)
  8000     0.800    10       nan          nan          0.000e+00    stable (33)
  8200     0.820    10       nan          nan          0.000e+00    stable (34)
  8400     0.840    10       nan          nan          0.000e+00    stable (35)
  8600     0.860    10       nan          nan          0.000e+00    stable (36)
  8800     0.880    10       nan          nan          0.000e+00    stable (37)
  9000     0.900    10       nan          nan          0.000e+00    stable (38)
  9200     0.920    10       nan          nan          0.000e+00    stable (39)
  9400     0.940    10       nan          nan          0.000e+00    stable (40)
  9600     0.960    10       nan          nan          0.000e+00    stable (41)
  9800     0.980    10       nan          nan          0.000e+00    stable (42)
  10000    1.000    10       nan          nan          0.000e+00    stable (43)
  10200    1.020    10       nan          nan          0.000e+00    stable (44)
  10400    1.040    10       nan          nan          0.000e+00    stable (45)
  10600    1.060    10       nan          nan          0.000e+00    stable (46)
  10800    1.080    10       nan          nan          0.000e+00    stable (47)
  11000    1.100    10       nan          nan          0.000e+00    stable (48)
  11200    1.120    10       nan          nan          0.000e+00    stable (49)
  11400    1.140    10       nan          nan          0.000e+00    stable (50)
  11600    1.160    10       nan          nan          0.000e+00    stable (51)
  11800    1.180    10       nan          nan          0.000e+00    stable (52)
  12000    1.200    10       nan          nan          0.000e+00    stable (53)
  12200    1.220    10       nan          nan          0.000e+00    stable (54)
  12400    1.240    10       nan          nan          0.000e+00    stable (55)
  12600    1.260    10       nan          nan          0.000e+00    stable (56)
  12800    1.280    10       nan          nan          0.000e+00    stable (57)
  13000    1.300    10       nan          nan          0.000e+00    stable (58)
  13200    1.320    10       nan          nan          0.000e+00    stable (59)
  13400    1.340    10       nan          nan          0.000e+00    stable (60)
  13600    1.360    10       nan          nan          0.000e+00    stable (61)
  13800    1.380    10       nan          nan          0.000e+00    stable (62)
  14000    1.400    10       nan          nan          0.000e+00    stable (63)
  14200    1.420    10       nan          nan          0.000e+00    stable (64)
  14400    1.440    10       nan          nan          0.000e+00    stable (65)
  14600    1.460    10       nan          nan          0.000e+00    stable (66)
  14800    1.480    10       nan          nan          0.000e+00    stable (67)
  15000    1.500    10       nan          nan          0.000e+00    stable (68)
  15200    1.520    10       nan          nan          0.000e+00    stable (69)
  15400    1.540    10       nan          nan          0.000e+00    stable (70)
  15600    1.560    10       nan          nan          0.000e+00    stable (71)
  15800    1.580    10       nan          nan          0.000e+00    stable (72)
  16000    1.600    10       nan          nan          0.000e+00    stable (73)
  16200    1.620    10       nan          nan          0.000e+00    stable (74)
  16400    1.640    10       nan          nan          0.000e+00    stable (75)
  16600    1.660    10       nan          nan          0.000e+00    stable (76)
  16800    1.680    10       nan          nan          0.000e+00    stable (77)
  17000    1.700    10       nan          nan          0.000e+00    stable (78)
  17200    1.720    10       nan          nan          0.000e+00    stable (79)
  17400    1.740    10       nan          nan          0.000e+00    stable (80)
  17600    1.760    10       nan          nan          0.000e+00    stable (81)
  17800    1.780    10       nan          nan          0.000e+00    stable (82)
  18000    1.800    10       nan          nan          0.000e+00    stable (83)
  18200    1.820    10       nan          nan          0.000e+00    stable (84)
  18400    1.840    10       nan          nan          0.000e+00    stable (85)
  18600    1.860    10       nan          nan          0.000e+00    stable (86)
  18800    1.880    10       nan          nan          0.000e+00    stable (87)
  19000    1.900    10       nan          nan          0.000e+00    stable (88)
  19200    1.920    10       nan          nan          0.000e+00    stable (89)
  19400    1.940    10       nan          nan          0.000e+00    stable (90)
  19600    1.960    10       nan          nan          0.000e+00    stable (91)
  19800    1.980    10       nan          nan          0.000e+00    stable (92)
  20000    2.000    10       nan          nan          0.000e+00    stable (93)
  20200    2.020    10       nan          nan          0.000e+00    stable (94)
  20400    2.040    10       nan          nan          0.000e+00    stable (95)
  20600    2.060    10       nan          nan          0.000e+00    stable (96)
  20800    2.080    10       nan          nan          0.000e+00    stable (97)
  21000    2.100    10       nan          nan          0.000e+00    stable (98)
  21200    2.120    10       nan          nan          0.000e+00    stable (99)
  21400    2.140    10       nan          nan          0.000e+00    stable (100)
  21600    2.160    10       nan          nan          0.000e+00    stable (101)
  21800    2.180    10       nan          nan          0.000e+00    stable (102)
  22000    2.200    10       nan          nan          0.000e+00    stable (103)
  22200    2.220    10       nan          nan          0.000e+00    stable (104)
  22400    2.240    10       nan          nan          0.000e+00    stable (105)
  22600    2.260    10       nan          nan          0.000e+00    stable (106)
  22800    2.280    10       nan          nan          0.000e+00    stable (107)
  23000    2.300    10       nan          nan          0.000e+00    stable (108)
  23200    2.320    10       nan          nan          0.000e+00    stable (109)
  23400    2.340    10       nan          nan          0.000e+00    stable (110)
  23600    2.360    10       nan          nan          0.000e+00    stable (111)
  23800    2.380    10       nan          nan          0.000e+00    stable (112)
  24000    2.400    10       nan          nan          0.000e+00    stable (113)
  24200    2.420    10       nan          nan          0.000e+00    stable (114)
  24400    2.440    10       nan          nan          0.000e+00    stable (115)
  24600    2.460    10       nan          nan          0.000e+00    stable (116)
  24800    2.480    10       nan          nan          0.000e+00    stable (117)
  25000    2.500    10       nan          nan          0.000e+00    stable (118)
  25200    2.520    10       nan          nan          0.000e+00    stable (119)
  25400    2.540    10       nan          nan          0.000e+00    stable (120)
  25600    2.560    10       nan          nan          0.000e+00    stable (121)
  25800    2.580    10       nan          nan          0.000e+00    stable (122)
  26000    2.600    10       nan          nan          0.000e+00    stable (123)
  26200    2.620    10       nan          nan          0.000e+00    stable (124)
  26400    2.640    10       nan          nan          0.000e+00    stable (125)
  26600    2.660    10       nan          nan          0.000e+00    stable (126)
  26800    2.680    10       nan          nan          0.000e+00    stable (127)
  27000    2.700    10       nan          nan          0.000e+00    stable (128)
  27200    2.720    10       nan          nan          0.000e+00    stable (129)
  27400    2.740    10       nan          nan          0.000e+00    stable (130)
  27600    2.760    10       nan          nan          0.000e+00    stable (131)
  27800    2.780    10       nan          nan          0.000e+00    stable (132)
  28000    2.800    10       nan          nan          0.000e+00    stable (133)
  28200    2.820    10       nan          nan          0.000e+00    stable (134)
  28400    2.840    10       nan          nan          0.000e+00    stable (135)
  28600    2.860    10       nan          nan          0.000e+00    stable (136)
  28800    2.880    10       nan          nan          0.000e+00    stable (137)
  29000    2.900    10       nan          nan          0.000e+00    stable (138)
  29200    2.920    10       nan          nan          0.000e+00    stable (139)
  29400    2.940    10       nan          nan          0.000e+00    stable (140)
  29600    2.960    10       nan          nan          0.000e+00    stable (141)
  29800    2.980    10       nan          nan          0.000e+00    stable (142)
  30000    3.000    10       nan          nan          0.000e+00    stable (143)
  30200    3.020    10       nan          nan          0.000e+00    stable (144)
  30400    3.040    10       nan          nan          0.000e+00    stable (145)
  30600    3.060    10       nan          nan          0.000e+00    stable (146)
  30800    3.080    10       nan          nan          0.000e+00    stable (147)
  31000    3.100    10       nan          nan          0.000e+00    stable (148)
  31200    3.120    10       nan          nan          0.000e+00    stable (149)
  31400    3.140    10       nan          nan          0.000e+00    stable (150)
  31600    3.160    10       nan          nan          0.000e+00    stable (151)
  31800    3.180    10       nan          nan          0.000e+00    stable (152)
  32000    3.200    10       nan          nan          0.000e+00    stable (153)
  32200    3.220    10       nan          nan          0.000e+00    stable (154)
  32400    3.240    10       nan          nan          0.000e+00    stable (155)
  32600    3.260    10       nan          nan          0.000e+00    stable (156)
  32800    3.280    10       nan          nan          0.000e+00    stable (157)
  33000    3.300    10       nan          nan          0.000e+00    stable (158)
  33200    3.320    10       nan          nan          0.000e+00    stable (159)
  33400    3.340    10       nan          nan          0.000e+00    stable (160)
  33600    3.360    10       nan          nan          0.000e+00    stable (161)
  33800    3.380    10       nan          nan          0.000e+00    stable (162)
  34000    3.400    10       nan          nan          0.000e+00    stable (163)
  34200    3.420    10       nan          nan          0.000e+00    stable (164)
  34400    3.440    10       nan          nan          0.000e+00    stable (165)
  34600    3.460    10       nan          nan          0.000e+00    stable (166)
  34800    3.480    10       nan          nan          0.000e+00    stable (167)
  35000    3.500    10       nan          nan          0.000e+00    stable (168)
  35200    3.520    10       nan          nan          0.000e+00    stable (169)
  35400    3.540    10       nan          nan          0.000e+00    stable (170)
  35600    3.560    10       nan          nan          0.000e+00    stable (171)
  35800    3.580    10       nan          nan          0.000e+00    stable (172)
  36000    3.600    10       nan          nan          0.000e+00    stable (173)
  36200    3.620    10       nan          nan          0.000e+00    stable (174)
  36400    3.640    10       nan          nan          0.000e+00    stable (175)
  36600    3.660    10       nan          nan          0.000e+00    stable (176)
  36800    3.680    10       nan          nan          0.000e+00    stable (177)
  37000    3.700    10       nan          nan          0.000e+00    stable (178)
  37200    3.720    10       nan          nan          0.000e+00    stable (179)
  37400    3.740    10       nan          nan          0.000e+00    stable (180)
  37600    3.760    10       nan          nan          0.000e+00    stable (181)
  37800    3.780    10       nan          nan          0.000e+00    stable (182)
  38000    3.800    10       nan          nan          0.000e+00    stable (183)
  38200    3.820    10       nan          nan          0.000e+00    stable (184)
  38400    3.840    10       nan          nan          0.000e+00    stable (185)
  38600    3.860    10       nan          nan          0.000e+00    stable (186)
  38800    3.880    10       nan          nan          0.000e+00    stable (187)
  39000    3.900    10       nan          nan          0.000e+00    stable (188)
  39200    3.920    10       nan          nan          0.000e+00    stable (189)
  39400    3.940    10       nan          nan          0.000e+00    stable (190)
  39600    3.960    10       nan          nan          0.000e+00    stable (191)
  39800    3.980    10       nan          nan          0.000e+00    stable (192)
  40000    4.000    10       nan          nan          0.000e+00    stable (193)

  --- PHASE 2 RESULTS ---
  N_max reached: 10
  N_active at end: 10 (stable for 193 samples)
  E(0) = 26.6238295476 → E(T) = nan (change: nan%)
  Hit ceiling? NO ✓
  Cascade stabilised? YES ✓

################################################################
#  UNIVERSALITY SUMMARY                                       #
################################################################

  ν = 0.001000, A = 1.0000, IC = distributed
  C_s = 0.308625 (need: bounded, ideally ≤ 0.123)
  C_L = 0.015888 (need: bounded, ideally ≤ 0.031)
  γ = 0.2997 (need: < 2)
  Ω_max = 6636.581619 (need: bounded)
  N_stable = 10 (need: finite)
  Energy decreasing: NO

  PASS = C_s bounded AND γ < 2 AND energy decreasing AND N stable
  RESULT: FAIL ✗

