################################################################
#  UNIVERSALITY VERIFICATION — C_s BOUND                      #
################################################################

  ν = 0.001000
  A = 0.3000
  IC = random-seed42 (3)
  N_max = 8
  N_ceiling = 20 (adaptive)
  dt = 1.00e-04 (CFL-based)
  Total steps = 20000 (T = 2.00)
  Sample interval = 200

============================================================
  PHASE 1: CASCADE EXPONENT AND C_s (fixed N=8)
============================================================

  Modes: 2108

  E(0) = 2.4979057991
  Ω(0) = 79.6869882976

  Step     Time       Energy     Enstrophy  max_Cs     max_Cl    
  200      0.0200     2.494785   79.569013  0.005125   0.003169  
  400      0.0400     2.491669   79.478313  0.015116   0.009337  
  600      0.0600     2.488555   79.415113  0.024049   0.014843  
  800      0.0800     2.485444   79.379706  0.031381   0.019372  
  1000     0.1000     2.482334   79.372316  0.036765   0.022696  
  1200     0.1200     2.479225   79.392952  0.040075   0.024737  
  1400     0.1400     2.476114   79.441274  0.041390   0.025541  
  1600     0.1600     2.473002   79.516507  0.041390   0.025541  
  1800     0.1800     2.469886   79.617382  0.041390   0.025541  
  2000     0.2000     2.466767   79.742129  0.041390   0.025541  
  2200     0.2200     2.463644   79.888520  0.041390   0.025541  
  2400     0.2400     2.460515   80.053945  0.041390   0.025541  
  2600     0.2600     2.457380   80.235526  0.041390   0.025541  
  2800     0.2800     2.454238   80.430258  0.041390   0.025541  
  3000     0.3000     2.451089   80.635139  0.041390   0.025541  
  3200     0.3200     2.447932   80.847323  0.041390   0.025541  
  3400     0.3400     2.444768   81.064267  0.041390   0.025541  
  3600     0.3600     2.441596   81.283899  0.041390   0.025541  
  3800     0.3800     2.438415   81.504805  0.041390   0.025541  
  4000     0.4000     2.435226   81.726408  0.041390   0.025541  
  4200     0.4200     2.432028   81.949086  0.041390   0.025541  
  4400     0.4400     2.428822   82.174172  0.041390   0.025541  
  4600     0.4600     2.425607   82.403777  0.041390   0.025541  
  4800     0.4800     2.422382   82.640413  0.041390   0.025541  
  5000     0.5000     2.419147   82.886447  0.041390   0.025541  
  5200     0.5200     2.415902   83.143467  0.041390   0.025541  
  5400     0.5400     2.412646   83.411685  0.041390   0.025541  
  5600     0.5600     2.409379   83.689498  0.041390   0.025541  
  5800     0.5800     2.406099   83.973336  0.041390   0.025541  
  6000     0.6000     2.402807   84.257824  0.041390   0.025541  
  6200     0.6200     2.399503   84.536252  0.041390   0.025541  
  6400     0.6400     2.396187   84.801283  0.041390   0.025541  
  6600     0.6600     2.392860   85.045759  0.041390   0.025541  
  6800     0.6800     2.389523   85.263485  0.041390   0.025541  
  7000     0.7000     2.386177   85.449867  0.041390   0.025541  
  7200     0.7200     2.382824   85.602325  0.041390   0.025541  
  7400     0.7400     2.379464   85.720421  0.041390   0.025541  
  7600     0.7600     2.376100   85.805718  0.041390   0.025541  
  7800     0.7800     2.372733   85.861403  0.041390   0.025541  
  8000     0.8000     2.369363   85.891757  0.041390   0.025541  
  8200     0.8200     2.365993   85.901561  0.041390   0.025541  
  8400     0.8400     2.362623   85.895550  0.041390   0.025541  
  8600     0.8600     2.359253   85.877979  0.041390   0.025541  
  8800     0.8800     2.355883   85.852348  0.041390   0.025541  
  9000     0.9000     2.352515   85.821298  0.041390   0.025541  
  9200     0.9200     2.349149   85.786623  0.041390   0.025541  
  9400     0.9400     2.345784   85.749378  0.041390   0.025541  
  9600     0.9600     2.342420   85.710028  0.041390   0.025541  
  9800     0.9800     2.339058   85.668594  0.041390   0.025541  
  10000    1.0000     2.335699   85.624811  0.041390   0.025541  
  10200    1.0200     2.332341   85.578278  0.041390   0.025541  
  10400    1.0400     2.328985   85.528606  0.041390   0.025541  
  10600    1.0600     2.325632   85.475580  0.041390   0.025541  
  10800    1.0800     2.322281   85.419306  0.041390   0.025541  
  11000    1.1000     2.318932   85.360344  0.041390   0.025541  
  11200    1.1200     2.315586   85.299767  0.041390   0.025541  
  11400    1.1400     2.312242   85.239140  0.041390   0.025541  
  11600    1.1600     2.308900   85.180367  0.041390   0.025541  
  11800    1.1800     2.305561   85.125427  0.041390   0.025541  
  12000    1.2000     2.302224   85.076017  0.041390   0.025541  
  12200    1.2200     2.298889   85.033180  0.041390   0.025541  
  12400    1.2400     2.295555   84.996994  0.041390   0.025541  
  12600    1.2600     2.292223   84.966418  0.041390   0.025541  
  12800    1.2800     2.288891   84.939348  0.041390   0.025541  
  13000    1.3000     2.285560   84.912877  0.041390   0.025541  
  13200    1.3200     2.282231   84.883723  0.041390   0.025541  
  13400    1.3400     2.278902   84.848709  0.041390   0.025541  
  13600    1.3600     2.275575   84.805200  0.041390   0.025541  
  13800    1.3800     2.272249   84.751386  0.041390   0.025541  
  14000    1.4000     2.268926   84.686384  0.041390   0.025541  
  14200    1.4200     2.265605   84.610145  0.041390   0.025541  
  14400    1.4400     2.262288   84.523221  0.041390   0.025541  
  14600    1.4600     2.258974   84.426447  0.041390   0.025541  
  14800    1.4800     2.255663   84.320635  0.041390   0.025541  
  15000    1.5000     2.252357   84.206327  0.041390   0.025541  
  15200    1.5200     2.249056   84.083672  0.041390   0.025541  
  15400    1.5400     2.245759   83.952436  0.041390   0.025541  
  15600    1.5600     2.242467   83.812143  0.041390   0.025541  
  15800    1.5800     2.239181   83.662300  0.041390   0.025541  
  16000    1.6000     2.235901   83.502662  0.041390   0.025541  
  16200    1.6200     2.232627   83.333468  0.041390   0.025541  
  16400    1.6400     2.229360   83.155603  0.041390   0.025541  
  16600    1.6600     2.226101   82.970647  0.041390   0.025541  
  16800    1.6800     2.222848   82.780814  0.041390   0.025541  
  17000    1.7000     2.219603   82.588768  0.041390   0.025541  
  17200    1.7200     2.216366   82.397370  0.041390   0.025541  
  17400    1.7400     2.213136   82.209380  0.041390   0.025541  
  17600    1.7600     2.209913   82.027166  0.041390   0.025541  
  17800    1.7800     2.206698   81.852464  0.041390   0.025541  
  18000    1.8000     2.203488   81.686223  0.041390   0.025541  
  18200    1.8200     2.200285   81.528546  0.041390   0.025541  
  18400    1.8400     2.197088   81.378744  0.041390   0.025541  
  18600    1.8600     2.193896   81.235480  0.041390   0.025541  
  18800    1.8800     2.190709   81.096971  0.041390   0.025541  
  19000    1.9000     2.187528   80.961230  0.041390   0.025541  
  19200    1.9200     2.184351   80.826304  0.041390   0.025541  
  19400    1.9400     2.181180   80.690470  0.041390   0.025541  
  19600    1.9600     2.178013   80.552379  0.041390   0.025541  
  19800    1.9800     2.174852   80.411116  0.041390   0.025541  
  20000    2.0000     2.171696   80.266181  0.041390   0.025541  

  --- PHASE 1 RESULTS ---
  E(0) = 2.4979057991 → E(T) = 2.1716963046 (change: -13.0593%)
  Ω_max = 85.9015613307
  C_s = 0.041390 (max |T_k|/(E·k^{3/2}))
  C_L = 0.025541 (max |T_k|/(E·Ω^{1/2}·k^{0.5}))
  γ_avg = -0.7657 (averaged over 100 samples)
  γ < 2? YES ✓
  Energy decreasing? YES ✓

============================================================
  PHASE 2: ADAPTIVE N (ceiling 20)
============================================================

  Step     Time     N_act    Energy       Enstrophy    E_top/E      Status    
  200      0.020    4        3.714283e-01 1.701918e+00 1.361e-01    EXPAND
  400      0.040    5        7.564521e-01 6.970316e+00 6.684e-03    EXPAND
  600      0.060    6        1.514297e+00 2.243412e+01 4.505e-02    EXPAND
  800      0.080    7        2.719349e+00 5.955495e+01 4.137e-02    EXPAND
  1000     0.100    8        4.188851e+00 1.230026e+02 4.505e-02    EXPA