################################################################
#  UNIVERSALITY VERIFICATION — C_s BOUND                      #
################################################################

  ν = 0.001000
  A = 0.5000
  IC = distributed (0)
  N_max = 8
  N_ceiling = 20 (adaptive)
  dt = 1.00e-04 (CFL-based)
  Total steps = 20000 (T = 2.00)
  Sample interval = 200

============================================================
  PHASE 1: CASCADE EXPONENT AND C_s (fixed N=8)
============================================================

  Modes: 2108

  E(0) = 41.2978733773
  Ω(0) = 1304.7556248527

  Step     Time       Energy     Enstrophy  max_Cs     max_Cl    
  200      0.0200     41.274108  1328.059198 0.110913   0.014604  
  400      0.0400     41.246824  1373.687648 0.198313   0.018727  
  600      0.0600     41.216293  1412.454879 0.198313   0.018727  
  800      0.0800     41.184187  1441.059368 0.198313   0.018727  
  1000     0.1000     41.151589  1463.402260 0.198313   0.018727  
  1200     0.1200     41.118417  1480.738363 0.198313   0.018727  
  1400     0.1400     41.084467  1492.081042 0.198313   0.018727  
  1600     0.1600     41.049654  1496.995484 0.198313   0.018727  
  1800     0.1800     41.013867  1497.473560 0.198313   0.018727  
  2000     0.2000     40.977223  1501.696253 0.198313   0.018727  
  2200     0.2200     40.939696  1514.841278 0.198313   0.018727  
  2400     0.2400     40.901129  1531.742396 0.198313   0.018727  
  2600     0.2600     40.861565  1544.193629 0.198313   0.018727  
  2800     0.2800     40.821122  1549.722129 0.198313   0.018727  
  3000     0.3000     40.780047  1551.006435 0.198313   0.018727  
  3200     0.3200     40.738698  1551.057690 0.198313   0.018727  
  3400     0.3400     40.697270  1550.470366 0.198313   0.018727  
  3600     0.3600     40.655747  1549.359194 0.198313   0.018727  
  3800     0.3800     40.613940  1548.773656 0.198313   0.018727  
  4000     0.4000     40.571693  1548.921735 0.198313   0.018727  
  4200     0.4200     40.529046  1548.969771 0.198313   0.018727  
  4400     0.4400     40.486163  1548.531311 0.198313   0.018727  
  4600     0.4600     40.443189  1547.316899 0.198313   0.018727  
  4800     0.4800     40.400251  1544.795183 0.198313   0.018727  
  5000     0.5000     40.357436  1540.798275 0.198313   0.018727  
  5200     0.5200     40.314723  1535.342656 0.198313   0.018727  
  5400     0.5400     40.272005  1529.629016 0.198313   0.018727  
  5600     0.5600     40.229161  1525.989886 0.198313   0.018727  
  5800     0.5800     40.186123  1526.198785 0.198313   0.018727  
  6000     0.6000     40.142899  1530.097645 0.198313   0.018727  
  6200     0.6200     40.099523  1535.480265 0.198313   0.018727  
  6400     0.6400     40.056045  1538.712919 0.198313   0.018727  
  6600     0.6600     40.012643  1536.582894 0.198313   0.018727  
  6800     0.6800     39.969573  1529.217113 0.198313   0.018727  
  7000     0.7000     39.926953  1520.749581 0.198313   0.018727  
  7200     0.7200     39.884646  1515.259340 0.198313   0.018727  
  7400     0.7400     39.842457  1512.051158 0.198313   0.018727  
  7600     0.7600     39.800392  1507.938018 0.198313   0.018727  
  7800     0.7800     39.758526  1502.836175 0.198313   0.018727  
  8000     0.8000     39.716792  1499.127125 0.198313   0.018727  
  8200     0.8200     39.675058  1497.889353 0.198313   0.018727  
  8400     0.8400     39.633265  1498.112775 0.198313   0.018727  
  8600     0.8600     39.591407  1498.671854 0.198313   0.018727  
  8800     0.8800     39.549394  1500.730089 0.198313   0.018727  
  9000     0.9000     39.507008  1506.719143 0.198313   0.018727  
  9200     0.9200     39.464031  1516.626208 0.198313   0.018727  
  9400     0.9400     39.420395  1526.173446 0.198313   0.018727  
  9600     0.9600     39.376263  1530.938986 0.198313   0.018727  
  9800     0.9800     39.331902  1531.583755 0.198313   0.018727  
  10000    1.0000     39.287433  1531.176586 0.198313   0.018727  
  10200    1.0200     39.242913  1529.611477 0.198313   0.018727  
  10400    1.0400     39.198586  1524.259581 0.198313   0.018727  
  10600    1.0600     39.154820  1514.324374 0.198313   0.018727  
  10800    1.0800     39.111830  1502.071056 0.198313   0.018727  
  11000    1.1000     39.069610  1490.709470 0.198313   0.018727  
  11200    1.1200     39.028045  1482.289635 0.198313   0.018727  
  11400    1.1400     38.986992  1477.543443 0.198313   0.018727  
  11600    1.1600     38.946258  1476.416054 0.198313   0.018727  
  11800    1.1800     38.905564  1477.499578 0.198313   0.018727  
  12000    1.2000     38.864697  1478.018065 0.198313   0.018727  
  12200    1.2200     38.823648  1475.826636 0.198313   0.018727  
  12400    1.2400     38.782489  1471.660620 0.198313   0.018727  
  12600    1.2600     38.741272  1467.090320 0.198313   0.018727  
  12800    1.2800     38.700083  1462.344311 0.198313   0.018727  
  13000    1.3000     38.659056  1458.143285 0.198313   0.018727  
  13200    1.3200     38.618288  1455.277459 0.198313   0.018727  
  13400    1.3400     38.577727  1453.735407 0.198313   0.018727  
  13600    1.3600     38.537192  1453.273203 0.198313   0.018727  
  13800    1.3800     38.496562  1452.701187 0.198313   0.018727  
  14000    1.4000     38.455876  1450.622662 0.198313   0.018727  
  14200    1.4200     38.415200  1447.942579 0.198313   0.018727  
  14400    1.4400     38.374536  1446.230326 0.198313   0.018727  
  14600    1.4600     38.333946  1444.849521 0.198313   0.018727  
  14800    1.4800     38.293575  1443.169118 0.198313   0.018727  
  15000    1.5000     38.253400  1443.238549 0.198313   0.018727  
  15200    1.5200     38.213057  1446.211660 0.198313   0.018727  
  15400    1.5400     38.172166  1449.559554 0.198313   0.018727  
  15600    1.5600     38.130696  1450.528844 0.198313   0.018727  
  15800    1.5800     38.088873  1448.613290 0.198313   0.018727  
  16000    1.6000     38.047005  1443.778530 0.198313   0.018727  
  16200    1.6200     38.005489  1435.594485 0.198313   0.018727  
  16400    1.6400     37.964657  1426.152896 0.198313   0.018727  
  16600    1.6600     37.924490  1419.957416 0.198313   0.018727  
  16800    1.6800     37.884670  1419.471076 0.198313   0.018727  
  17000    1.7000     37.844924  1422.954831 0.198313   0.018727  
  17200    1.7200     37.805188  1426.666098 0.198313   0.018727  
  17400    1.7400     37.765542  1427.632681 0.198313   0.018727  
  17600    1.7600     37.726107  1424.650091 0.198313   0.018727  
  17800    1.7800     37.686923  1418.732889 0.198313   0.018727  
  18000    1.8000     37.647893  1413.075250 0.198313   0.018727  
  18200    1.8200     37.608801  1412.276271 0.198313   0.018727  
  18400    1.8400     37.569359  1418.983793 0.198313   0.018727  
  18600    1.8600     37.529283  1430.468283 0.198313   0.018727  
  18800    1.8800     37.488422  1441.664646 0.198313   0.018727  
  19000    1.9000     37.446818  1448.963920 0.198313   0.018727  
  19200    1.9200     37.404728  1450.176295 0.198313   0.018727  
  19400    1.9400     37.362508  1446.814444 0.198313   0.018727  
  19600    1.9600     37.320345  1443.321229 0.198313   0.018727  
  19800    1.9800     37.278254  1440.806510 0.198313   0.018727  
  20000    2.0000     37.236315  1436.945561 0.198313   0.018727  

  --- PHASE 1 RESULTS ---
  E(0) = 41.2978733773 → E(T) = 37.2363146702 (change: -9.8348%)
  Ω_max = 1551.0576895375
  C_s = 0.198313 (max |T_k|/(E·k^{3/2}))
  C_L = 0.018727 (max |T_k|/(E·Ω^{1/2}·k^{0.5}))
  γ_avg = -0.1128 (averaged over 100 samples)
  γ < 2? YES ✓
  Energy decreasing? YES ✓

============================================================
  PHASE 2: ADAPTIVE N (ceiling 20)
============================================================

  Step     Time     N_act    Energy       Enstrophy    E_top/E      Status    
  200      0.020    4        6.654891e+00 3.137550e+01 1.490e-01    EXPAND
  400      0.040    5        1.353749e+01 1.251657e+02 6.199e-03    EXPAND
  600      0.060    6        2.744340e+01 4.125118e+02 6.801e-02    EXPAND
  800      0.080    7        5.108281e+01 1.113705e+03 2.686e-02    EXPAND
  1000     0.100    8        8.563155e+01 2.437921e+03 3.816e-02    EXPAND
  1200     0.120    9        1.535425e+02 5.586310e+03 5.871e-04    EXPAND
  1400     0.140    10       3.221074e+02 1.475740e+04 1.668e-02    EXPAND
  1600     0.160    11       8.953434e+02 4.805169e+04 4.442e-03    EXPAND
  1800     0.180    12       6.407729e+03 4.311725e+05 6.922e-03    EXPAND
  2000     0.200    12       nan          nan          0.000e+00    stable (1)
  2200     0.220    12       nan          nan          0.000e+00    stable (2)
  2400     0.240    12       nan          nan          0.000e+00    stable (3)
  2600     0.260    12       nan          nan          0.000e+00    stable (4)
  2800     0.280    12       nan          nan          0.000e+00    stable (5)
  3000     0.300    12       nan          nan          0.000e+00    stable (6)
  3200     0.320    12       nan          nan          0.000e+00    stable (7)
  3400     0.340    12       nan          nan          0.000e+00    stable (8)
  3600     0.360    12       nan          nan          0.000e+00    stable (9)
  3800     0.380    12       nan          nan          0.000e+00    stable (10)
  4000     0.400    12       nan          nan          0.000e+00    stable (11)
  4200     0.420    12       nan          nan          0.000e+00    stable (12)
  4400     0.440    12       nan          nan          0.000e+00    stable (13)
  4600     0.460    12       nan          nan          0.000e+00    stable (14)
  4800     0.480    12       nan          nan          0.000e+00    stable (15)
  5000     0.500    12       nan          nan          0.000e+00    stable (16)
  5200     0.520    12       nan          nan          0.000e+00    stable (17)
  5400     0.540    12       nan          nan          0.000e+00    stable (18)
  5600     0.560    12       nan          nan          0.000e+00    stable (19)
  5800     0.580    12       nan          nan          0.000e+00    stable (20)
  6000     0.600    12       nan          nan          0.000e+00    stable (21)
  6200     0.620    12       nan          nan          0.000e+00    stable (22)
  6400     0.640    12       nan          nan          0.000e+00    stable (23)
  6600     0.660    12       nan          nan          0.000e+00    stable (24)
  6800     0.680    12       nan          nan          0.000e+00    stable (25)
  7000     0.700    12       nan          nan          0.000e+00    stable (26)
  7200     0.720    12       nan          nan          0.000e+00    stable (27)
  7400     0.740    12       nan          nan          0.000e+00    stable (28)
  7600     0.760    12       nan          nan          0.000e+00    stable (29)
  7800     0.780    12       nan          nan          0.000e+00    stable (30)
  8000     0.800    12       nan          nan          0.000e+00    stable (31)
  8200     0.820    12       nan          nan          0.000e+00    stable (32)
  8400     0.840    12       nan          nan          0.000e+00    stable (33)
  8600     0.860    12       nan          nan          0.000e+00    stable (34)
  8800     0.880    12       nan          nan          0.000e+00    stable (35)
  9000     0.900    12       nan          nan          0.000e+00    stable (36)
  9200     0.920    12       nan          nan          0.000e+00    stable (37)
  9400     0.940    12       nan          nan          0.000e+00    stable (38)
  9600     0.960    12       nan          nan          0.000e+00    stable (39)
  9800     0.980    12       nan          nan          0.000e+00    stable (40)
  10000    1.000    12       nan          nan          0.000e+00    stable (41)
  10200    1.020    12       nan          nan          0.000e+00    stable (42)
  10400    1.040    12       nan          nan          0.000e+00    stable (43)
  10600    1.060    12       nan          nan          0.000e+00    stable (44)
  10800    1.080    12       nan          nan          0.000e+00    stable (45)
  11000    1.100    12       nan          nan          0.000e+00    stable (46)
  11200    1.120    12       nan          nan          0.000e+00    stable (47)
  11400    1.140    12       nan          nan          0.000e+00    stable (48)
  11600    1.160    12       nan          nan          0.000e+00    stable (49)
  11800    1.180    12       nan          nan          0.000e+00    stable (50)
  12000    1.200    12       nan          nan          0.000e+00    stable (51)
  12200    1.220    12       nan          nan          0.000e+00    stable (52)
  12400    1.240    12       nan          nan          0.000e+00    stable (53)
  12600    1.260    12       nan          nan          0.000e+00    stable (54)
  12800    1.280    12       nan          nan          0.000e+00    stable (55)
  13000    1.300    12       nan          nan          0.000e+00    stable (56)
  13200    1.320    12       nan          nan          0.000e+00    stable (57)
  13400    1.340    12       nan          nan          0.000e+00    stable (58)
  13600    1.360    12       nan          nan          0.000e+00    stable (59)
  13800    1.380    12       nan          nan          0.000e+00    stable (60)
  14000    1.400    12       nan          nan          0.000e+00    stable (61)
  14200    1.420    12       nan          nan          0.000e+00    stable (62)
  14400    1.440    12       nan          nan          0.000e+00    stable (63)
  14600    1.460    12       nan          nan          0.000e+00    stable (64)
  14800    1.480    12       nan          nan          0.000e+00    stable (65)
  15000    1.500    12       nan          nan          0.000e+00    stable (66)
  15200    1.520    12       nan          nan          0.000e+00    stable (67)
  15400    1.540    12       nan          nan          0.000e+00    stable (68)
  15600    1.560    12       nan          nan          0.000e+00    stable (69)
  15800    1.580    12       nan          nan          0.000e+00    stable (70)
  16000    1.600    12       nan          nan          0.000e+00    stable (71)
  16200    1.620    12       nan          nan          0.000e+00    stable (72)
  16400    1.640    12       nan          nan          0.000e+00    stable (73)
  16600    1.660    12       nan          nan          0.000e+00    stable (74)
  16800    1.680    12       nan          nan          0.000e+00    stable (75)
  17000    1.700    12       nan          nan          0.000e+00    stable (76)
  17200    1.720    12       nan          nan          0.000e+00    stable (77)
  17400    1.740    12       nan          nan          0.000e+00    stable (78)
  17600    1.760    12       nan          nan          0.000e+00    stable (79)
  17800    1.780    12       nan          nan          0.000e+00    stable (80)
  18000    1.800    12       nan          nan          0.000e+00    stable (81)
  18200    1.820    12       nan          nan          0.000e+00    stable (82)
  18400    1.840    12       nan          nan          0.000e+00    stable (83)
  18600    1.860    12       nan          nan          0.000e+00    stable (84)
  18800    1.880    12       nan          nan          0.000e+00    stable (85)
  19000    1.900    12       nan          nan          0.000e+00    stable (86)
  19200    1.920    12       nan          nan          0.000e+00    stable (87)
  19400    1.940    12       nan          nan          0.000e+00    stable (88)
  19600    1.960    12       nan          nan          0.000e+00    stable (89)
  19800    1.980    12       nan          nan          0.000e+00    stable (90)
  20000    2.000    12       nan          nan          0.000e+00    stable (91)
  20200    2.020    12       nan          nan          0.000e+00    stable (92)
  20400    2.040    12       nan          nan          0.000e+00    stable (93)
  20600    2.060    12       nan          nan          0.000e+00    stable (94)
  20800    2.080    12       nan          nan          0.000e+00    stable (95)
  21000    2.100    12       nan          nan          0.000e+00    stable (96)
  21200    2.120    12       nan          nan          0.000e+00    stable (97)
  21400    2.140    12       nan  