################################################################
#  UNIVERSALITY VERIFICATION — C_s BOUND                      #
################################################################

  ν = 0.000010
  A = 0.1000
  IC = distributed (0)
  N_max = 8
  N_ceiling = 30 (adaptive)
  dt = 1.00e-04 (CFL-based)
  Total steps = 20000 (T = 2.00)
  Sample interval = 200

============================================================
  PHASE 1: CASCADE EXPONENT AND C_s (fixed N=8)
============================================================

  Modes: 2108

  E(0) = 1.6519149351
  Ω(0) = 52.1902249941

  Step     Time       Energy     Enstrophy  max_Cs     max_Cl    
  200      0.0200     1.651941   52.235014  0.005122   0.003854  
  400      0.0400     1.651966   52.365529  0.015029   0.011033  
  600      0.0600     1.651992   52.574169  0.023831   0.016672  
  800      0.0800     1.652016   52.848840  0.030990   0.020223  
  1000     0.1000     1.652040   53.174312  0.036216   0.021644  
  1200     0.1200     1.652062   53.534266  0.039466   0.021644  
  1400     0.1400     1.652084   53.913407  0.040901   0.021644  
  1600     0.1600     1.652105   54.298946  0.040901   0.021644  
  1800     0.1800     1.652126   54.681175  0.040901   0.021644  
  2000     0.2000     1.652145   55.053296  0.040901   0.021644  
  2200     0.2200     1.652164   55.410889  0.040901   0.021644  
  2400     0.2400     1.652182   55.751342  0.040901   0.021644  
  2600     0.2600     1.652200   56.073403  0.040901   0.021644  
  2800     0.2800     1.652218   56.376855  0.040901   0.021644  
  3000     0.3000     1.652235   56.662273  0.040901   0.021644  
  3200     0.3200     1.652252   56.930806  0.040901   0.021644  
  3400     0.3400     1.652269   57.183962  0.040901   0.021644  
  3600     0.3600     1.652286   57.423395  0.040901   0.021644  
  3800     0.3800     1.652303   57.650723  0.040901   0.021644  
  4000     0.4000     1.652321   57.867387  0.040901   0.021644  
  4200     0.4200     1.652338   58.074571  0.040901   0.021644  
  4400     0.4400     1.652355   58.273174  0.040901   0.021644  
  4600     0.4600     1.652373   58.463807  0.040901   0.021644  
  4800     0.4800     1.652391   58.646809  0.040901   0.021644  
  5000     0.5000     1.652409   58.822256  0.040901   0.021644  
  5200     0.5200     1.652426   58.989989  0.040901   0.021644  
  5400     0.5400     1.652444   59.149650  0.040901   0.021644  
  5600     0.5600     1.652462   59.300757  0.040901   0.021644  
  5800     0.5800     1.652479   59.442797  0.040901   0.021644  
  6000     0.6000     1.652497   59.575322  0.040901   0.021644  
  6200     0.6200     1.652514   59.698014  0.040901   0.021644  
  6400     0.6400     1.652532   59.810693  0.040901   0.021644  
  6600     0.6600     1.652549   59.913284  0.040901   0.021644  
  6800     0.6800     1.652566   60.005738  0.040901   0.021644  
  7000     0.7000     1.652583   60.087966  0.040901   0.021644  
  7200     0.7200     1.652599   60.159814  0.040901   0.021644  
  7400     0.7400     1.652616   60.221109  0.040901   0.021644  
  7600     0.7600     1.652632   60.271788  0.040901   0.021644  
  7800     0.7800     1.652648   60.312070  0.040901   0.021644  
  8000     0.8000     1.652664   60.342658  0.040901   0.021644  
  8200     0.8200     1.652679   60.364896  0.040901   0.021644  
  8400     0.8400     1.652694   60.380843  0.040901   0.021644  
  8600     0.8600     1.652709   60.393241  0.040901   0.021644  
  8800     0.8800     1.652723   60.405366  0.040901   0.021644  
  9000     0.9000     1.652737   60.420784  0.040901   0.021644  
  9200     0.9200     1.652751   60.443062  0.040901   0.021644  
  9400     0.9400     1.652765   60.475470  0.040901   0.021644  
  9600     0.9600     1.652779   60.520730  0.040901   0.021644  
  9800     0.9800     1.652792   60.580823  0.040901   0.021644  
  10000    1.0000     1.652805   60.656880  0.040901   0.021644  
  10200    1.0200     1.652818   60.749137  0.040901   0.021644  
  10400    1.0400     1.652831   60.856960  0.040901   0.021644  
  10600    1.0600     1.652843   60.978911  0.040901   0.021644  
  10800    1.0800     1.652855   61.112854  0.040901   0.021644  
  11000    1.1000     1.652868   61.256101  0.040901   0.021644  
  11200    1.1200     1.652880   61.405579  0.040901   0.021644  
  11400    1.1400     1.652891   61.558015  0.040901   0.021644  
  11600    1.1600     1.652903   61.710139  0.040901   0.021644  
  11800    1.1800     1.652915   61.858865  0.040901   0.021644  
  12000    1.2000     1.652926   62.001453  0.040901   0.021644  
  12200    1.2200     1.652937   62.135631  0.040901   0.021644  
  12400    1.2400     1.652948   62.259668  0.040901   0.021644  
  12600    1.2600     1.652959   62.372391  0.040901   0.021644  
  12800    1.2800     1.652969   62.473167  0.040901   0.021644  
  13000    1.3000     1.652980   62.561850  0.040901   0.021644  
  13200    1.3200     1.652990   62.638711  0.040901   0.021644  
  13400    1.3400     1.653000   62.704368  0.040901   0.021644  
  13600    1.3600     1.653010   62.759719  0.040901   0.021644  
  13800    1.3800     1.653020   62.805878  0.040901   0.021644  
  14000    1.4000     1.653029   62.844110  0.040901   0.021644  
  14200    1.4200     1.653038   62.875758  0.040901   0.021644  
  14400    1.4400     1.653047   62.902166  0.040901   0.021644  
  14600    1.4600     1.653056   62.924594  0.040901   0.021644  
  14800    1.4800     1.653065   62.944143  0.040901   0.021644  
  15000    1.5000     1.653074   62.961694  0.040901   0.021644  
  15200    1.5200     1.653083   62.977882  0.040901   0.021644  
  15400    1.5400     1.653092   62.993090  0.040901   0.021644  
  15600    1.5600     1.653100   63.007487  0.040901   0.021644  
  15800    1.5800     1.653109   63.021069  0.040901   0.021644  
  16000    1.6000     1.653118   63.033718  0.040901   0.021644  
  16200    1.6200     1.653126   63.045268  0.040901   0.021644  
  16400    1.6400     1.653135   63.055554  0.040901   0.021644  
  16600    1.6600     1.653143   63.064463  0.040901   0.021644  
  16800    1.6800     1.653152   63.071976  0.040901   0.021644  
  17000    1.7000     1.653160   63.078196  0.040901   0.021644  
  17200    1.7200     1.653169   63.083356  0.040901   0.021644  
  17400    1.7400     1.653178   63.087820  0.040901   0.021644  
  17600    1.7600     1.653186   63.092053  0.040901   0.021644  
  17800    1.7800     1.653194   63.096573  0.040901   0.021644  
  18000    1.8000     1.653203   63.101900  0.040901   0.021644  
  18200    1.8200     1.653211   63.108497  0.040901   0.021644  
  18400    1.8400     1.653219   63.116725  0.040901   0.021644  
  18600    1.8600     1.653227   63.126809  0.040901   0.021644  
  18800    1.8800     1.653235   63.138833  0.040901   0.021644  
  19000    1.9000     1.653242   63.152745  0.040901   0.021644  
  19200    1.9200     1.653250   63.168377  0.040901   0.021644  
  19400    1.9400     1.653257   63.185477  0.040901   0.021644  
  19600    1.9600     1.653265   63.203738  0.040901   0.021644  
  19800    1.9800     1.653272   63.222825  0.040901   0.021644  
  20000    2.0000     1.653279   63.242401  0.040901   0.021644  

  --- PHASE 1 RESULTS ---
  E(0) = 1.6519149351 → E(T) = 1.6532787846 (change: 0.0826%)
  Ω_max = 63.2424013660
  C_s = 0.040901 (max |T_k|/(E·k^{3/2}))
  C_L = 0.021644 (max |T_k|/(E·Ω^{1/2}·k^{0.5}))
  γ_avg = -0.3827 (averaged over 100 samples)
  γ < 2? YES ✓
  Energy decreasing? NO ✗

============================================================
  PHASE 2: ADAPTIVE N (ceiling 30)
============================================================

  Step     Time     N_act    Energy       Enstrophy    E_top/E      Status    
  200      0.020    4        2.662381e-01 1.253664e+00 1.496e-01    EXPAND
  400      0.040    5        5.402830e-01 4.999159e+00 6.930e-03    EXPAND
  600      0.060    6        1.083403e+00 1.633827e+01 7.119e-02    EXPAND
  800      0.080    7        1.946087e+00 4.293277e+01 3.034e-02    EXPAND
  1000     0.100    8        3.015425e+00 8.782628e+01 4.934e-02    EXPAND
  