# cos²(alpha_T) histograms at N=10
# Pure lattice geometry — no solution dependence
# Columns: bin_center  K=1  K=2  K=3  K=4  K=5  K=6  K=7  K=8  K=9  K=10

# Shell statistics:
#   K= 1: n=   62154  <cos²α>=0.312136  Var=0.08604870  <sin²α>=0.687864
#   K= 2: n=  172960  <cos²α>=0.312575  Var=0.08585060  <sin²α>=0.687425
#   K= 3: n=  253223  <cos²α>=0.314947  Var=0.08677591  <sin²α>=0.685053
#   K= 4: n=  510862  <cos²α>=0.322188  Var=0.08892413  <sin²α>=0.677812
#   K= 5: n=  755591  <cos²α>=0.332879  Var=0.09106192  <sin²α>=0.667121
#   K= 6: n=  917588  <cos²α>=0.345577  Var=0.09176976  <sin²α>=0.654423
#   K= 7: n= 1121658  <cos²α>=0.366844  Var=0.09179945  <sin²α>=0.633156
#   K= 8: n= 1241664  <cos²α>=0.400374  Var=0.09040461  <sin²α>=0.599626
#   K= 9: n= 1661201  <cos²α>=0.450150  Var=0.08426559  <sin²α>=0.549850
#   K=10: n=  742199  <cos²α>=0.496790  Var=0.07337901  <sin²α>=0.503210
#
# bin_center  K=1         K=2         K=3         K=4         K=5         K=6         K=7         K=8         K=9         K=10      
  0.0100       7.74126    7.87003    7.77200    7.55165    7.04932    6.29820    5.41453    3.95606    2.07639    0.57121
  0.0300       3.00383    3.13570    3.22996    3.21506    3.19081    2.87869    2.38660    1.84547    1.16401    0.41323
  0.0500       2.83248    2.31065    2.22966    2.43510    2.13416    2.11751    1.78767    1.57559    1.08930    0.53867
  0.0700       1.53731    1.85130    1.94670    1.71788    1.99652    1.81955    1.69236    1.51675    0.96105    0.50734
  0.0900       1.81646    1.84927    1.98205    1.82877    1.67723    1.79547    1.78967    1.30265    1.07413    0.89450
  0.1100       1.88403    1.80417    1.65269    1.66317    1.50353    1.67526    1.59451    1.32564    1.16371    0.80645
  0.1300       1.43595    1.26359    1.31189    1.38149    1.60106    1.43883    1.27641    1.48245    1.13662    0.95938
  0.1500       1.17852    1.08580    1.15531    1.26443    1.23261    1.30091    1.31016    1.41415    1.15251    0.89754
  0.1700       1.10130    1.59950    1.25660    1.23086    1.38388    1.22108    1.40974    1.30373    1.32425    1.15616
  0.1900       1.48180    1.11500    1.43253    1.13015    1.05884    1.19820    1.27262    1.22980    1.30475    1.26166
  0.2100       1.34022    1.12194    0.97621    1.06692    0.94575    1.13150    1.14023    1.26866    1.36109    1.20399
  0.2300       0.76423    1.01642    0.90888    0.99567    1.23433    1.11673    1.01822    1.11173    1.18125    1.32229
  0.2500       1.18818    1.06470    1.02242    0.99479    0.83458    0.97380    1.21329    1.15011    1.23962    1.39787
  0.2700       0.86157    0.74208    1.17545    0.86452    0.90174    0.88716    0.94191    1.10207    1.25873    1.40124
  0.2900       0.71999    0.79469    0.76158    1.05244    0.88990    0.98214    0.89016    1.04714    1.10610    1.27675
  0.3100       0.74975    1.11818    0.73295    0.69843    0.87501    0.89545    0.94931    1.03200    1.11152    1.22083
  0.3300       1.49387    1.10979    1.06645    0.90103    0.92080    0.95473    1.01377    0.88716    1.18926    1.30113
  0.3500       0.66931    0.87621    0.85281    1.10803    0.86714    0.79584    1.02986    1.04561    1.10128    1.38231
  0.3700       0.60978    0.50214    0.61764    0.60222    0.76027    0.76995    0.74907    0.85353    0.93315    1.07700
  0.3900       0.45854    0.72127    0.63561    0.58773    0.80090    0.81785    0.69705    0.90121    1.06480    1.06387
  0.4100       0.84789    0.95456    0.96792    0.81235    0.74008    0.80030    0.95506    1.05230    1.08015    1.15360
  0.4300       0.68781    0.46167    0.48080    0.77066    0.65101    0.63863    0.74149    0.84749    0.91909    1.07498
  0.4500       0.64115    0.89876    0.95923    0.68482    0.69191    0.70974    0.85235    0.90012    1.06056    1.17913
  0.4700       0.70711    0.64292    0.59197    0.65977    0.70686    0.66490    0.71528    0.72093    0.89884    1.08495
  0.4900       0.83824    0.59898    0.67569    0.64509    0.62190    0.80968    0.73855    0.85341    0.96936    1.14073
  0.5100       1.22116    0.78024    0.76277    0.90602    0.72341    0.85643    0.79846    0.89034    0.92909    1.06104
  0.5300       0.31293    0.59725    0.69346    0.56297    0.67457    0.55875    0.74461    0.68457    0.86895    1.06629
  0.5500       0.56151    0.74757    0.75901    0.59390    0.63619    0.60528    0.67712    0.81258    1.02525    1.04204
  0.5700       0.39579    0.50850    0.45336    0.73973    0.62137    0.63296    0.61133    0.75866    0.90793    0.92138
  0.5900       0.80284    0.57007    0.63817    0.48526    0.57505    0.69906    0.68162    0.90963    0.86016    1.08347
  0.6100       0.44486    0.66605    0.48653    0.51168    0.64248    0.67743    0.64663    0.75161    0.85128    1.01563
  0.6300       0.26064    0.38159    0.38326    0.47038    0.51714    0.54191    0.58489    0.64659    0.76348    0.92152
  0.6500       0.89455    0.76549    0.85518    0.85375    0.78932    0.65857    0.77417    0.72797    0.92129    1.13858
  0.6700       0.79319    0.64610    0.65713    0.57814    0.59146    0.58223    0.78041    0.65086    0.94745    0.95399
  0.6900       0.32339    0.64408    0.34574    0.47635    0.61779    0.57766    0.59194    0.72149    0.75406    0.83502
  0.7100       0.42234    0.36425    0.56966    0.62874    0.52985    0.62196    0.55614    0.73031    0.89778    0.87322
  0.7300       0.70148    0.45617    0.63580    0.62032    0.48704    0.58507    0.64636    0.77159    0.74687    1.11143
  0.7500       0.69022    0.58135    0.53905    0.57413    0.48796    0.60572    0.72995    0.75129    0.72923    0.99704
  0.7700       0.19468    0.50619    0.39293    0.46020    0.68423    0.58741    0.48237    0.61973    0.80571    0.67617
  0.7900       0.43119    0.38015    0.41643    0.47635    0.47685    0.59874    0.63286    0.73180    0.88451    0.86439
  0.8100       0.80928    0.64350    0.91520    0.58871    0.67735    0.62697    0.72170    0.68312    0.89339    1.06676
  0.8300       0.38855    0.79469    0.26558    0.50796    0.60039    0.46377    0.70489    0.65364    0.74187    0.96962
  0.8500       0.42073    0.29169    0.42472    0.55543    0.55480    0.62806    0.56920    0.77283    0.83054    0.76408
  0.8700       0.48589    0.30585    0.44842    0.39306    0.52072    0.63089    0.46503    0.78133    0.73317    0.91970
  0.8900       0.45210    0.56487    0.51299    0.58646    0.54242    0.57902    0.70182    0.54222    0.91344    0.92098
  0.9100       0.57518    0.55620    0.63580    0.50806    0.49630    0.61694    0.74434    0.70248    0.70630    1.03436
  0.9300       0.33304    0.42466    0.39688    0.50963    0.57955    0.51308    0.61231    0.81302    0.78205    0.72218
  0.9500       0.44004    0.30672    0.41150    0.51501    0.49934    0.60239    0.53109    0.63705    0.87638    0.93082
  0.9700       0.45934    0.50127    0.47429    0.47439    0.65353    0.65890    0.68635    0.72697    0.80613    0.85301
  0.9900       0.59449    0.50619    0.53115    0.56033    0.55076    0.59869    0.74452    0.80255    0.90215    0.97049

# ASCII histogram of cos²(alpha) at K=7 (N=10)
# 1121658 triads, Var = 0.09179945

  0.010 | ############################################################ (5.415)
  0.030 | ########################## (2.387)
  0.050 | ################### (1.788)
  0.070 | ################## (1.692)
  0.090 | ################### (1.790)
  0.110 | ################# (1.595)
  0.130 | ############## (1.276)
  0.150 | ############## (1.310)
  0.170 | ############### (1.410)
  0.190 | ############## (1.273)
  0.210 | ############ (1.140)
  0.230 | ########### (1.018)
  0.250 | ############# (1.213)
  0.270 | ########## (0.942)
  0.290 | ######### (0.890)
  0.310 | ########## (0.949)
  0.330 | ########### (1.014)
  0.350 | ########### (1.030)
  0.370 | ######## (0.749)
  0.390 | ####### (0.697)
  0.410 | ########## (0.955)
  0.430 | ######## (0.741)
  0.450 | ######### (0.852)
  0.470 | ####### (0.715)
  0.490 | ######## (0.739)
  0.510 | ######## (0.798)
  0.530 | ######## (0.745)
  0.550 | ####### (0.677)
  0.570 | ###### (0.611)
  0.590 | ####### (0.682)
  0.610 | ####### (0.647)
  0.630 | ###### (0.585)
  0.650 | ######## (0.774)
  0.670 | ######## (0.780)
  0.690 | ###### (0.592)
  0.710 | ###### (0.556)
  0.730 | ####### (0.646)
  0.750 | ######## (0.730)
  0.770 | ##### (0.482)
  0.790 | ####### (0.633)
  0.810 | ####### (0.722)
  0.830 | ####### (0.705)
  0.850 | ###### (0.569)
  0.870 | ##### (0.465)
  0.890 | ####### (0.702)
  0.910 | ######## (0.744)
  0.930 | ###### (0.612)
  0.950 | ##### (0.531)
  0.970 | ####### (0.686)
  0.990 | ######## (0.745)

# If the distribution were uniform: density = 1.0 everywhere.
# The observed spread across [0,1] with NO concentration at
# any single value is what prevents phase alignment.
