################################################################
#  UNIVERSALITY VERIFICATION — C_s BOUND                      #
################################################################

  ν = 0.001000
  A = 0.3000
  IC = taylor-green (1)
  N_max = 8
  N_ceiling = 20 (adaptive)
  dt = 1.00e-04 (CFL-based)
  Total steps = 20000 (T = 2.00)
  Sample interval = 200

============================================================
  PHASE 1: CASCADE EXPONENT AND C_s (fixed N=8)
============================================================

  Modes: 2108

  E(0) = 0.0112500000
  Ω(0) = 0.0337500000

  Step     Time       Energy     Enstrophy  max_Cs     max_Cl    
  200      0.0200     0.011249   0.033746   0.000878   0.007166  
  400      0.0400     0.011247   0.033742   0.001000   0.008166  
  600      0.0600     0.011246   0.033739   0.001122   0.009166  
  800      0.0800     0.011245   0.033736   0.001245   0.010166  
  1000     0.1000     0.011243   0.033733   0.001367   0.011166  
  1200     0.1200     0.011242   0.033730   0.001489   0.012165  
  1400     0.1400     0.011241   0.033728   0.001612   0.013163  
  1600     0.1600     0.011239   0.033726   0.001734   0.014162  
  1800     0.1800     0.011238   0.033724   0.001856   0.015159  
  2000     0.2000     0.011237   0.033722   0.001978   0.016157  
  2200     0.2200     0.011235   0.033721   0.002100   0.017153  
  2400     0.2400     0.011234   0.033720   0.002222   0.018150  
  2600     0.2600     0.011232   0.033719   0.002344   0.019145  
  2800     0.2800     0.011231   0.033718   0.002466   0.020141  
  3000     0.3000     0.011230   0.033718   0.002587   0.021135  
  3200     0.3200     0.011228   0.033718   0.002709   0.022129  
  3400     0.3400     0.011227   0.033718   0.002830   0.023122  
  3600     0.3600     0.011226   0.033718   0.002952   0.024114  
  3800     0.3800     0.011224   0.033719   0.003073   0.025106  
  4000     0.4000     0.011223   0.033719   0.003195   0.026097  
  4200     0.4200     0.011222   0.033721   0.003316   0.027087  
  4400     0.4400     0.011220   0.033722   0.003437   0.028076  
  4600     0.4600     0.011219   0.033724   0.003558   0.029064  
  4800     0.4800     0.011218   0.033725   0.003679   0.030052  
  5000     0.5000     0.011216   0.033728   0.003800   0.031038  
  5200     0.5200     0.011215   0.033730   0.003921   0.032024  
  5400     0.5400     0.011214   0.033732   0.004042   0.033009  
  5600     0.5600     0.011212   0.033735   0.004162   0.033992  
  5800     0.5800     0.011211   0.033738   0.004283   0.034975  
  6000     0.6000     0.011210   0.033742   0.004403   0.035956  
  6200     0.6200     0.011208   0.033745   0.004523   0.036936  
  6400     0.6400     0.011207   0.033749   0.004644   0.037916  
  6600     0.6600     0.011205   0.033753   0.004764   0.038894  
  6800     0.6800     0.011204   0.033758   0.004884   0.039870  
  7000     0.7000     0.011203   0.033762   0.005004   0.040846  
  7200     0.7200     0.011201   0.033767   0.005123   0.041820  
  7400     0.7400     0.011200   0.033772   0.005243   0.042793  
  7600     0.7600     0.011199   0.033778   0.005362   0.043765  
  7800     0.7800     0.011197   0.033783   0.005482   0.044736  
  8000     0.8000     0.011196   0.033789   0.005601   0.045705  
  8200     0.8200     0.011195   0.033795   0.005720   0.046672  
  8400     0.8400     0.011193   0.033802   0.005839   0.047638  
  8600     0.8600     0.011192   0.033808   0.005958   0.048603  
  8800     0.8800     0.011191   0.033815   0.006076   0.049566  
  9000     0.9000     0.011189   0.033822   0.006195   0.050528  
  9200     0.9200     0.011188   0.033830   0.006313   0.051488  
  9400     0.9400     0.011187   0.033837   0.006432   0.052447  
  9600     0.9600     0.011185   0.033845   0.006550   0.053404  
  9800     0.9800     0.011184   0.033853   0.006668   0.054359  
  10000    1.0000     0.011182   0.033862   0.006786   0.055313  
  10200    1.0200     0.011181   0.033870   0.006903   0.056265  
  10400    1.0400     0.011180   0.033879   0.007021   0.057215  
  10600    1.0600     0.011178   0.033888   0.007138   0.058164  
  10800    1.0800     0.011177   0.033898   0.007255   0.059111  
  11000    1.1000     0.011176   0.033907   0.007372   0.060056  
  11200    1.1200     0.011174   0.033917   0.007489   0.060999  
  11400    1.1400     0.011173   0.033927   0.007606   0.061940  
  11600    1.1600     0.011172   0.033938   0.007722   0.062879  
  11800    1.1800     0.011170   0.033948   0.007839   0.063817  
  12000    1.2000     0.011169   0.033959   0.007955   0.064752  
  12200    1.2200     0.011168   0.033970   0.008071   0.065686  
  12400    1.2400     0.011166   0.033982   0.008187   0.066617  
  12600    1.2600     0.011165   0.033993   0.008303   0.067547  
  12800    1.2800     0.011164   0.034005   0.008418   0.068475  
  13000    1.3000     0.011162   0.034017   0.008533   0.069400  
  13200    1.3200     0.011161   0.034030   0.008648   0.070323  
  13400    1.3400     0.011159   0.034042   0.008763   0.071244  
  13600    1.3600     0.011158   0.034055   0.008878   0.072163  
  13800    1.3800     0.011157   0.034069   0.008993   0.073080  
  14000    1.4000     0.011155   0.034082   0.009107   0.073995  
  14200    1.4200     0.011154   0.034096   0.009221   0.074907  
  14400    1.4400     0.011153   0.034110   0.009335   0.075817  
  14600    1.4600     0.011151   0.034124   0.009449   0.076725  
  14800    1.4800     0.011150   0.034138   0.009562   0.077630  
  15000    1.5000     0.011149   0.034153   0.009676   0.078533  
  15200    1.5200     0.011147   0.034168   0.009789   0.079434  
  15400    1.5400     0.011146   0.034183   0.009902   0.080332  
  15600    1.5600     0.011144   0.034199   0.010014   0.081228  
  15800    1.5800     0.011143   0.034214   0.010127   0.082122  
  16000    1.6000     0.011142   0.034230   0.010239   0.083013  
  16200    1.6200     0.011140   0.034247   0.010351   0.083901  
  16400    1.6400     0.011139   0.034263   0.010463   0.084787  
  16600    1.6600     0.011138   0.034280   0.010574   0.085670  
  16800    1.6800     0.011136   0.034297   0.010686   0.086551  
  17000    1.7000     0.011135   0.034314   0.010797   0.087429  
  17200    1.7200     0.011133   0.034332   0.010908   0.088304  
  17400    1.7400     0.011132   0.034350   0.011019   0.089177  
  17600    1.7600     0.011131   0.034368   0.011129   0.090047  
  17800    1.7800     0.011129   0.034386   0.011239   0.090915  
  18000    1.8000     0.011128   0.034405   0.011349   0.091779  
  18200    1.8200     0.011127   0.034423   0.011459   0.092641  
  18400    1.8400     0.011125   0.034443   0.011568   0.093500  
  18600    1.8600     0.011124   0.034462   0.011678   0.094357  
  18800    1.8800     0.011122   0.034482   0.011787   0.095210  
  19000    1.9000     0.011121   0.034501   0.011895   0.096061  
  19200    1.9200     0.011120   0.034522   0.012004   0.096908  
  19400    1.9400     0.011118   0.034542   0.012112   0.097753  
  19600    1.9600     0.011117   0.034563   0.012220   0.098595  
  19800    1.9800     0.011116   0.034584   0.012328   0.099434  
  20000    2.0000     0.011114   0.034605   0.012435   0.100270  

  --- PHASE 1 RESULTS ---
  E(0) = 0.0112500000 → E(T) = 0.0111141461 (change: -1.2076%)
  Ω_max = 0.0346049781
  C_s = 0.012435 (max |T_k|/(E·k^{3/2}))
  C_L = 0.100270 (max |T_k|/(E·Ω^{1/2}·k^{0.5}))
  γ_avg = -19.7383 (averaged over 100 samples)
  γ < 2? YES ✓
  Energy decreasing? YES ✓

============================================================
  PHASE 2: ADAPTIVE N (ceiling 20)
============================================================

  Step     Time     N_act    Energy       Enstrophy    E_top/E      Status    
  200      0.020    3        1.124865e-02 3.374608e-02 0.000e+00    stable (1)
  400      0.040    3        1.124730e-02 3.374241e-02 0.000e+00    stable (2)
  600      0.060    3        1.124595e-02 3.373899e-02 0.000e+00    stable (3)
  800      0.080    3        1.124460e-02 3.373583e-02 0.000e+00    stable (4)
  1000     0.100    3        1.124325e-02 3.373292e-02 0.000e+00    stable (5)
  1200     0.120    3        1.124190e-02 3.373026e-02 0.000e+00    stable (6)
  1400     0.140    3        1.124055e-02 3.372785e-02 0.000e+00    stable (7)
  1600     0.160    3        1.123921e-02 3.372570e-02 0.000e+00    stable (8)
  1800     0.180    3        1.123786e-02 3.372379e-02 0.000e+00    stable (9)
  2000     0.200    3        1.123651e-02 3.372214e-02 0.000e+00    stable (10)
  2200     0.220    3        1.123516e-02 3.372074e-02 0.000e+00    stable (11)
  2400     0.240    3        1.123381e-02 3.371959e-02 0.000e+00    stable (12)
  2600     0.260    3        1.123246e-02 3.371869e-02 0.000e+00    stable (13)
  2800     0.280    3        1.123111e-02 3.371804e-02 0.000e+00    stable (14)
  3000     0.300    3        1.122976e-02 3.371764e-02 0.000e+00    stable (15)
  3200     0.320    3        1.122842e-02 3.371749e-02 0.000e+00    stable (16)
  3400     0.340    3        1.122707e-02 3.371759e-02 0.000e+00    stable (17)
  3600     0.360    3        1.122572e-02 3.371794e-02 0.000e+00    stable (18)
  3800     0.380    3        1.122437e-02 3.371853e-02 0.000e+00    stable (19)
  4000     0.400    3        1.122302e-02 3.371938e-02 0.000e+00    stable (20)
  4200     0.420    3        1.122167e-02 3.372047e-02 0.000e+00    stable (21)
  4400     0.440    3        1.122032e-02 3.372181e-02 0.000e+00    stable (22)
  4600     0.460    3        1.121898e-02 3.372340e-02 0.000e+00    stable (23)
  4800     0.480    3        1.121763e-02 3.372523e-02 0.000e+00    stable (24)
  5000     0.500    3        1.121628e-02 3.372731e-02 0.000e+00    stable (25)
  5200     0.520    3        1.121493e-02 3.372964e-02 0.000e+00    stable (26)
  5400     0.540    3        1.121358e-02 3.373221e-02 0.000e+00    stable (27)
  5600     0.560    3        1.121223e-02 3.373503e-02 0.000e+00    stable (28)
  5800     0.580    3        1.121088e-02 3.373809e-02 0.000e+00    stable (29)
  6000     0.600    3        1.120953e-02 3.374140e-02 0.000e+00    stable (30)
  6200     0.620    3        1.120818e-02 3.374495e-02 0.000e+00    stable (31)
  6400     0.640    3        1.120683e-02 3.374874e-02 0.000e+00    stable (32)
  6600     0.660    3        1.120548e-02 3.375278e-02 0.000e+00    stable (33)
  6800     0.680    3        1.120413e-02 3.375707e-02 0.000e+00    stable (34)
  7000     0.700    3        1.120278e-02 3.376159e-02 0.000e+00    stable (35)
  7200     0.720    3        1.120143e-02 3.376636e-02 0.000e+00    stable (36)
  7400     0.740    3        1.120008e-02 3.377137e-02 0.000e+00    stable (37)
  7600     0.760    3        1.119873e-02 3.377662e-02 0.000e+00    stable (38)
  7800     0.780    3        1.119738e-02 3.378212e-02 0.000e+00    stable (39)
  8000     0.800    3        1.119603e-02 3.378785e-02 0.000e+00    stable (40)
  8200     0.820    3        1.119468e-02 3.379382e-02 0.000e+00    stable (41)
  8400     0.840    3        1.119332e-02 3.380004e-02 0.000e+00    stable (42)
  8600     0.860    3        1.119197e-02 3.380649e-02 0.000e+00    stable (43)
  8800     0.880    3        1.119062e-02 3.381319e-02 0.000e+00    stable (44)
  9000     0.900    3        1.118927e-02 3.382012e-02 0.000e+00    stable (45)
  9200     0.920    3        1.118791e-02 3.382729e-02 0.000e+00    stable (46)
  9400     0.940    3        1.118656e-02 3.383470e-02 0.000e+00    stable (47)
  9600     0.960    3        1.118521e-02 3.384234e-02 0.000e+00    stable (48)
  9800     0.980    3        1.118385e-02 3.385023e-02 0.000e+00    stable (49)
  10000    1.000    3        1.118250e-02 3.385835e-02 0.000e+00    stable (50)
  10200    1.020    3        1.118115e-02 3.386670e-02 0.000e+00    stable (51)
  10400    1.040    3        1.117979e-02 3.387529e-02 0.000e+00    stable (52)
  10600    1.060    3        1.117844e-02 3.388412e-02 0.000e+00    stable (53)
  10800    1.080    3        1.117708e-02 3.389318e-02 0.000e+00    stable (54)
  11000    1.100    3        1.117573e-02 3.390248e-02 0.000e+00    stable (55)
  11200    1.120    3        1.117437e-02 3.391201e-02 0.000e+00    stable (56)
  11400    1.140    3        1.117301e-02 3.392177e-02 0.000e+00    stable (57)
  11600    1.160    3        1.117166e-02 3.393177e-02 0.000e+00    stable (58)
  11800    1.180    3        1.117030e-02 3.394200e-02 0.000e+00    stable (59)
  12000    1.200    3        1.116894e-02 3.395246e-02 0.000e+00    stable (60)
  12200    1.220    3        1.116758e-02 3.396315e-02 0.000e+00    stable (61)
  12400    1.240    3        1.116622e-02 3.397407e-02 0.000e+00    stable (62)
  12600    1.260    3        1.116486e-02 3.398523e-02 0.000e+00    stable (63)
  12800    1.280    3        1.116350e-02 3.399661e-02 0.000e+00    stable (64)
  13000    1.300    3        1.116214e-02 3.400822e-02 0.000e+00    stable (65)
  13200    1.320    3        1.116078e-02 3.402006e-02 0.000e+00    stable (66)
  13400    1.340    3        1.115942e-02 3.403213e-02 0.000e+00    stable (67)
  13600    1.360    3        1.115806e-02 3.404443e-02 0.000e+00    stable (68)
  13800    1.380    3        1.115670e-02 3.405696e-02 0.000e+00    stable (69)
  14000    1.400    3        1.115534e-02 3.406971e-02 0.000e+00    stable (70)
  14200    1.420    3        1.115397e-02 3.408269e-02 0.000e+00    stable (71)
  14400    1.440    3        1.115261e-02 3.409590e-02 0.000e+00    stable (72)
  14600    1.460    3        1.115125e-02 3.410933e-02 0.000e+00    stable (73)
  14800    1.480    3        1.114988e-02 3.412298e-02 0.000e+00    stable (74)
  15000    1.500    3        1.114852e-02 3.413686e-02 0.000e+00    stable (75)
  15200    1.520    3        1.114715e-02 3.415096e-02 0.000e+00    stable (76)
  15400    1.540    3        1.114579e-02 3.416529e-02 0.000e+00    stable (77)
  15600    1.560    3        1.114442e-02 3.417984e-02 0.000e+00    stable (78)
  15800    1.580    3        1.114305e-02 3.419461e-02 0.000e+00    stable (79)
  16000    1.600    3        1.114168e-02 3.420961e-02 0.000e+00    stable (80)
  16200    1.620    3        1.114032e-02 3.422482e-02 0.000e+00    stable (81)
  16400    1.640    3        1.113895e-02 3.424025e-02 0.000e+00    stable (82)
  16600    1.660    3        1.113758e-02 3.425591e-02 0.000e+00    stable (83)
  16800    1.680    3        1.113621e-02 3.427178e-02 0.000e+00    stable (84)
  17000    1.700    3        1.113483e-02 3.428788e-02 0.000e+00    stable (85)
  17200    1.720    3        1.113346e-02 3.430419e-02 0.000e+00    stable (86)
  17400    1.740    3        1.113209e-02 3.432071e-02 0.000e+00    stable (87)
  17600    1.760    3        1.113072e-02 3.433746e-02 0.000e+00    stable (88)
  17800    1.780    3        1.112934e-02 3.435442e-02 0.000e+00    stable (89)
  18000    1.800    3        1.112797e-02 3.437160e-02 0.000e+00    stable (90)
  18200    1.820    3        1.112659e-02 3.438899e-02 0.000e+00    stable (91)
  18400    1.840    3        1.112522e-02 3.440660e-02 0.000e+00    stable (92)
  18600    1.860    3        1.112384e-02 3.442442e-02 0.000e+00    stable (93)
  18800    1.880    3        1.112247e-02 3.444246e-02 0.000e+00    stable (94)
  19000    1.900    3        1.112109e-02 3.446071e-02 0.000e+00    stable (95)
  19200    1.920    3        1.111971e-02 3.447917e-02 0.000e+00    stable (96)
  19400    1.940    3        1.111833e-02 3.449784e-02 0.000e+00    stable (97)
  19600    1.960    3        1.111695e-02 3.451672e-02 0.000e+00    stable (98)
  19800    1.980    3        1.111557e-02 3.453582e-02 0.000e+00    stable (99)
  20000    2.000    3        1.111419e-02 3.455512e-02 0.000e+00    stable (100)
  20200    2.020    3        1.111280e-02 3.457464e-02 0.000e+00    stable (101)
  20400    2.040    3        1.111142e-02 3.459436e-02 0.000e+00    stable (102)
  20600    2.060    3        1.111004e-02 3.461429e-02 0.000e+00    stable (103)
  20800    2.080    3        1.110865e-02 3.463442e-02 0.000e+00    stable (104)
  21000    2.100    3        1.110727e-02 3.465477e-02 0.000e+00    stable (105)
  21200    2.120    3        1.110588e-02 3.467532e-02 0.000e+00    stable (106)
  21400    2.140    3        1.110449e-02 3.469608e-02 0.000e+00    stable (107)
  21600    2.160    3        1.110310e-02 3.471704e-02 0.000e+00    stable (108)
  21800    2.180    3        1.110172e-02 3.473820e-02 0.000e+00    stable (109)
  22000    2.200    3        1.110033e-02 3.475957e-02 0.000e+00    stable (110)
  22200    2.220    3        1.109893e-02 3.478114e-02 0.000e+00    stable (111)
  22400    2.240    3        1.109754e-02 3.480291e-02 0.000e+00    stable (112)
  22600    2.260    3        1.109615e-02 3.482489e-02 0.000e+00    stable (113)
  22800    2.280    3        1.109476e-02 3.484707e-02 0.000e+00    stable (114)
  23000    2.300    3        1.109336e-02 3.486944e-02 0.000e+00    stable (115)
  23200    2.320    3        1.109197e-02 3.489202e-02 0.000e+00    stable (116)
  23400    2.340    3        1.109057e-02 3.491480e-02 0.000e+00    stable (117)
  23600    2.360    3        1.108918e-02 3.493777e-02 0.000e+00    stable (118)
  23800    2.380    3        1.108778e-02 3.496094e-02 0.000e+00    stable (119)
  24000    2.400    3        1.108638e-02 3.498431e-02 0.000e+00    stable (120)
  24200    2.420    3        1.108498e-02 3.500787e-02 0.000e+00    stable (121)
  24400    2.440    3        1.108358e-02 3.503163e-02 0.000e+00    stable (122)
  24600    2.460    3        1.108218e-02 3.505559e-02 0.000e+00    stable (123)
  24800    2.480    3        1.108077e-02 3.507974e-02 0.000e+00    stable (124)
  25000    2.500    3        1.107937e-02 3.510408e-02 0.000e+00    stable (125)
  25200    2.520    3        1.107797e-02 3.512862e-02 0.000e+00    stable (126)
  25400    2.540    3        1.107656e-02 3.515335e-02 0.000e+00    stable (127)
  25600    2.560    3        1.107515e-02 3.517827e-02 0.000e+00    stable (128)
  25800    2.580    3        1.107375e-02 3.520338e-02 0.000e+00    stable (129)
  26000    2.600    3        1.107234e-02 3.522868e-02 0.000e+00    stable (130)
  26200    2.620    3        1.107093e-02 3.525417e-02 0.000e+00    stable (131)
  26400    2.640    3        1.106952e-02 3.527985e-02 0.000e+00    stable (132)
  26600    2.660    3        1.106811e-02 3.530572e-02 0.000e+00    stable (133)
  26800    2.680    3        1.106669e-02 3.533178e-02 0.000e+00    stable (134)
  27000    2.700    3        1.106528e-02 3.535802e-02 0.000e+00    stable (135)
  27200    2.720    3        1.106386e-02 3.538445e-02 0.000e+00    stable (136)
  27400    2.740    3        1.106245e-02 3.541106e-02 0.000e+00    stable (137)
  27600    2.760    3        1.106103e-02 3.543786e-02 0.000e+00    stable (138)
  27800    2.780    3        1.105961e-02 3.546484e-02 0.000e+00    stable (139)
  28000    2.800    3        1.105820e-02 3.549201e-02 0.000e+00    stable (140)
  28200    2.820    3        1.105678e-02 3.551935e-02 0.000e+00    stable (141)
  28400    2.840    3        1.105535e-02 3.554688e-02 0.000e+00    stable (142)
  28600    2.860    3        1.105393e-02 3.557459e-02 0.000e+00    stable (143)
  28800    2.880    3        1.105251e-02 3.560249e-02 0.000e+00    stable (144)
  29000    2.900    3        1.105108e-02 3.563056e-02 0.000e+00    stable (145)
  29200    2.920    3        1.104966e-02 3.565881e-02 0.000e+00    stable (146)
  29400    2.940    3        1.104823e-02 3.568723e-02 0.000e+00    stable (147)
  29600    2.960    3        1.104680e-02 3.571584e-02 0.000e+00    stable (148)
  29800    2.980    3        1.104537e-02 3.574462e-02 0.000e+00    stable (149)
  30000    3.000    3        1.104394e-02 3.577358e-02 0.000e+00    stable (150)
  30200    3.020    3        1.104251e-02 3.580271e-02 0.000e+00    stable (151)
  30400    3.040    3        1.104108e-02 3.583202e-02 0.000e+00    stable (152)
  30600    3.060    3        1.103965e-02 3.586150e-02 0.000e+00    stable (153)
  30800    3.080    3        1.103821e-02 3.589115e-02 0.000e+00    stable (154)
  31000    3.100    3        1.103678e-02 3.592098e-02 0.000e+00    stable (155)
  31200    3.120    3        1.103534e-02 3.595097e-02 0.000e+00    stable (156)
  31400    3.140    3        1.103390e-02 3.598114e-02 0.000e+00    stable (157)
  31600    3.160    3        1.103246e-02 3.601148e-02 0.000e+00    stable (158)
  31800    3.180    3        1.103102e-02 3.604199e-02 0.000e+00    stable (159)
  32000    3.200    3        1.102958e-02 3.607267e-02 0.000e+00    stable (160)
  32200    3.220    3        1.102813e-02 3.610351e-02 0.000e+00    stable (161)
  32400    3.240    3        1.102669e-02 3.613452e-02 0.000e+00    stable (162)
  32600    3.260    3        1.102524e-02 3.616570e-02 0.000e+00    stable (163)
  32800    3.280    3        1.102380e-02 3.619704e-02 0.000e+00    stable (164)
  33000    3.300    3        1.102235e-02 3.622855e-02 0.000e+00    stable (165)
  33200    3.320    3        1.102090e-02 3.626022e-02 0.000e+00    stable (166)
  33400    3.340    3        1.101945e-02 3.629205e-02 0.000e+00    stable (167)
  33600    3.360    3        1.101799e-02 3.632405e-02 0.000e+00    stable (168)
  33800    3.380    3        1.101654e-02 3.635621e-02 0.000e+00    stable (169)
  34000    3.400    3        1.101509e-02 3.638853e-02 0.000e+00    stable (170)
  34200    3.420    3        1.101363e-02 3.642101e-02 0.000e+00    stable (171)
  34400    3.440    3        1.101217e-02 3.645365e-02 0.000e+00    stable (172)
  34600    3.460    3        1.101071e-02 3.648645e-02 0.000e+00    stable (173)
  34800    3.480    3        1.100925e-02 3.651940e-02 0.000e+00    stable (174)
  35000    3.500    3        1.100779e-02 3.655252e-02 0.000e+00    stable (175)
  35200    3.520    3        1.100633e-02 3.658579e-02 0.000e+00    stable (176)
  35400    3.540    3        1.100487e-02 3.661921e-02 0.000e+00    stable (177)
  35600    3.560    3        1.100340e-02 3.665279e-02 0.000e+00    stable (178)
  35800    3.580    3        1.100193e-02 3.668652e-02 0.000e+00    stable (179)
  36000    3.600    3        1.100047e-02 3.672041e-02 0.000e+00    stable (180)
  36200    3.620    3        1.099900e-02 3.675445e-02 0.000e+00    stable (181)
  36400    3.640    3        1.099753e-02 3.678864e-02 0.000e+00    stable (182)
  36600    3.660    3        1.099605e-02 3.682298e-02 0.000e+00    stable (183)
  36800    3.680    3        1.099458e-02 3.685748e-02 0.000e+00    stable (184)
  37000    3.700    3        1.099311e-02 3.689212e-02 0.000e+00    stable (185)
  37200    3.720    3        1.099163e-02 3.692691e-02 0.000e+00    stable (186)
  37400    3.740    3        1.099015e-02 3.696184e-02 0.000e+00    stable (187)
  37600    3.760    3        1.098867e-02 3.699693e-02 0.000e+00    stable (188)
  37800    3.780    3        1.098719e-02 3.703216e-02 0.000e+00    stable (189)
  38000    3.800    3        1.098571e-02 3.706754e-02 0.000e+00    stable (190)
  38200    3.820    3        1.098423e-02 3.710306e-02 0.000e+00    stable (191)
  38400    3.840    3        1.098274e-02 3.713872e-02 0.000e+00    stable (192)
  38600    3.860    3        1.098126e-02 3.717453e-02 0.000e+00    stable (193)
  38800    3.880    3        1.097977e-02 3.721048e-02 0.000e+00    stable (194)
  39000    3.900    3        1.097828e-02 3.724657e-02 0.000e+00    stable (195)
  39200    3.920    3        1.097679e-02 3.728280e-02 0.000e+00    stable (196)
  39400    3.940    3        1.097530e-02 3.731918e-02 0.000e+00    stable (197)
  39600    3.960    3        1.097380e-02 3.735569e-02 0.000e+00    stable (198)
  39800    3.980    3        1.097231e-02 3.739234e-02 0.000e+00    stable (199)
  40000    4.000    3        1.097081e-02 3.742912e-02 0.000e+00    stable (200)

  --- PHASE 2 RESULTS ---
  N_max reached: 3
  N_active at end: 3 (stable for 200 samples)
  E(0) = 0.0112500000 → E(T) = 0.0109708123 (change: -2.4817%)
  Hit ceiling? NO ✓
  Cascade stabilised? YES ✓

################################################################
#  UNIVERSALITY SUMMARY                                       #
################################################################

  ν = 0.001000, A = 0.3000, IC = taylor-green
  C_s = 0.012435 (need: bounded, ideally ≤ 0.123)
  C_L = 0.100270 (need: bounded, ideally ≤ 0.031)
  γ = -19.7383 (need: < 2)
  Ω_max = 0.034605 (need: bounded)
  N_stable = 3 (need: finite)
  Energy decreasing: YES

  PASS = C_s bounded AND γ < 2 AND energy decreasing AND N stable
  RESULT: PASS ✓

