################################################################
#  UNIVERSALITY VERIFICATION — C_s BOUND                      #
################################################################

  ν = 0.010000
  A = 1.0000
  IC = concentrated (2)
  N_max = 8
  N_ceiling = 20 (adaptive)
  dt = 1.00e-04 (CFL-based)
  Total steps = 20000 (T = 2.00)
  Sample interval = 200

============================================================
  PHASE 1: CASCADE EXPONENT AND C_s (fixed N=8)
============================================================

  Modes: 2108

  E(0) = 53.8450581245
  Ω(0) = 308.1510539098

  Step     Time       Energy     Enstrophy  max_Cs     max_Cl    
  200      0.0200     53.734089  323.016253 0.635885   0.088452  
  400      0.0400     53.610865  368.345302 1.606746   0.209295  
  600      0.0600     53.464108  440.525109 1.954766   0.232836  
  800      0.0800     53.285527  529.333463 1.954766   0.232836  
  1000     0.1000     53.071411  623.636202 1.954766   0.232836  
  1200     0.1200     52.821009  719.873827 1.954766   0.232836  
  1400     0.1400     52.533838  818.507467 1.954766   0.232836  
  1600     0.1600     52.209491  917.720992 1.954766   0.232836  
  1800     0.1800     51.848707  1013.205572 1.954766   0.232836  
  2000     0.2000     51.453065  1103.468575 1.954766   0.232836  
  2200     0.2200     51.023674  1189.445941 1.954766   0.232836  
  2400     0.2400     50.561992  1268.406833 1.954766   0.232836  
  2600     0.2600     50.070970  1336.481951 1.954766   0.232836  
  2800     0.2800     49.555297  1390.892950 1.954766   0.232836  
  3000     0.3000     49.020241  1434.099402 1.954766   0.232836  
  3200     0.3200     48.469480  1470.423722 1.954766   0.232836  
  3400     0.3400     47.905291  1500.253281 1.954766   0.232836  
  3600     0.3600     47.329723  1524.408458 1.954766   0.232836  
  3800     0.3800     46.744416  1544.724374 1.954766   0.232836  
  4000     0.4000     46.150555  1562.001832 1.954766   0.232836  
  4200     0.4200     45.549593  1574.387010 1.954766   0.232836  
  4400     0.4400     44.944271  1578.927285 1.954766   0.232836  
  4600     0.4600     44.338184  1575.119855 1.954766   0.232836  
  4800     0.4800     43.733995  1566.430442 1.954766   0.232836  
  5000     0.5000     43.132632  1556.922638 1.954766   0.232836  
  5200     0.5200     42.534152  1547.859045 1.954766   0.232836  
  5400     0.5400     41.938864  1537.528842 1.954766   0.232836  
  5600     0.5600     41.347750  1524.137325 1.954766   0.232836  
  5800     0.5800     40.761711  1508.567033 1.954766   0.232836  
  6000     0.6000     40.181158  1491.526161 1.954766   0.232836  
  6200     0.6200     39.606922  1472.361818 1.954766   0.232836  
  6400     0.6400     39.039980  1452.611718 1.954766   0.232836  
  6600     0.6600     38.480155  1435.247565 1.954766   0.232836  
  6800     0.6800     37.926239  1420.556816 1.954766   0.232836  
  7000     0.7000     37.377567  1405.226014 1.954766   0.232836  
  7200     0.7200     36.834911  1386.526650 1.954766   0.232836  
  7400     0.7400     36.299685  1364.897503 1.954766   0.232836  
  7600     0.7600     35.772861  1342.338349 1.954766   0.232836  
  7800     0.7800     35.254612  1320.818879 1.954766   0.232836  
  8000     0.8000     34.744260  1301.949382 1.954766   0.232836  
  8200     0.8200     34.240660  1285.487472 1.954766   0.232836  
  8400     0.8400     33.743167  1269.397615 1.954766   0.232836  
  8600     0.8600     33.252010  1252.103744 1.954766   0.232836  
  8800     0.8800     32.767962  1232.613633 1.954766   0.232836  
  9000     0.9000     32.291967  1210.794697 1.954766   0.232836  
  9200     0.9200     31.824500  1188.591709 1.954766   0.232836  
  9400     0.9400     31.365085  1168.342049 1.954766   0.232836  
  9600     0.9600     30.912860  1150.007019 1.954766   0.232836  
  9800     0.9800     30.467540  1131.568419 1.954766   0.232836  
  10000    1.0000     30.029586  1111.817454 1.954766   0.232836  
  10200    1.0200     29.599457  1091.644175 1.954766   0.232836  
  10400    1.0400     29.176977  1072.681471 1.954766   0.232836  
  10600    1.0600     28.761409  1055.815340 1.954766   0.232836  
  10800    1.0800     28.351914  1040.852746 1.954766   0.232836  
  11000    1.1000     27.947883  1027.035618 1.954766   0.232836  
  11200    1.1200     27.548978  1013.861454 1.954766   0.232836  
  11400    1.1400     27.154938  1001.342743 1.954766   0.232836  
  11600    1.1600     26.765467  989.537505 1.954766   0.232836  
  11800    1.1800     26.380329  978.185650 1.954766   0.232836  
  12000    1.2000     25.999520  966.516113 1.954766   0.232836  
  12200    1.2200     25.623424  953.533936 1.954766   0.232836  
  12400    1.2400     25.252677  939.007153 1.954766   0.232836  
  12600    1.2600     24.887793  923.567424 1.954766   0.232836  
  12800    1.2800     24.528990  907.829501 1.954766   0.232836  
  13000    1.3000     24.176264  892.265153 1.954766   0.232836  
  13200    1.3200     23.829351  877.628991 1.954766   0.232836  
  13400    1.3400     23.487687  864.542118 1.954766   0.232836  
  13600    1.3600     23.150681  852.668831 1.954766   0.232836  
  13800    1.3800     22.818094  840.996573 1.954766   0.232836  
  14000    1.4000     22.490050  828.944824 1.954766   0.232836  
  14200    1.4200     22.166700  816.893077 1.954766   0.232836  
  14400    1.4400     21.847906  805.706032 1.954766   0.232836  
  14600    1.4600     21.533220  795.856951 1.954766   0.232836  
  14800    1.4800     21.222150  786.934080 1.954766   0.232836  
  15000    1.5000     20.914500  777.884943 1.954766   0.232836  
  15200    1.5200     20.610501  767.774563 1.954766   0.232836  
  15400    1.5400     20.310630  756.452711 1.954766   0.232836  
  15600    1.5600     20.015260  744.599704 1.954766   0.232836  
  15800    1.5800     19.724415  733.190911 1.954766   0.232836  
  16000    1.6000     19.437770  722.897006 1.954766   0.232836  
  16200    1.6200     19.154848  713.802049 1.954766   0.232836  
  16400    1.6400     18.875252  705.423042 1.954766   0.232836  
  16600    1.6600     18.598851  696.950584 1.954766   0.232836  
  16800    1.6800     18.325825  687.730772 1.954766   0.232836  
  17000    1.7000     18.056511  677.704330 1.954766   0.232836  
  17200    1.7200     17.791160  667.332853 1.954766   0.232836  
  17400    1.7400     17.529824  657.107653 1.954766   0.232836  
  17600    1.7600     17.272413  647.210620 1.954766   0.232836  
  17800    1.7800     17.018821  637.529665 1.954766   0.232836  
  18000    1.8000     16.769012  627.801616 1.954766   0.232836  
  18200    1.8200     16.523062  617.759739 1.954766   0.232836  
  18400    1.8400     16.281127  607.296290 1.954766   0.232836  
  18600    1.8600     16.043357  596.543134 1.954766   0.232836  
  18800    1.8800     15.809817  585.775921 1.954766   0.232836  
  19000    1.9000     15.580464  575.250412 1.954766   0.232836  
  19200    1.9200     15.355170  565.125531 1.954766   0.232836  
  19400    1.9400     15.133764  555.468031 1.954766   0.232836  
  19600    1.9600     14.916060  546.270065 1.954766   0.232836  
  19800    1.9800     14.701886  537.474921 1.954766   0.232836  
  20000    2.0000     14.491095  529.031868 1.954766   0.232836  

  --- PHASE 1 RESULTS ---
  E(0) = 53.8450581245 → E(T) = 14.4910948898 (change: -73.0874%)
  Ω_max = 1578.9272847786
  C_s = 1.954766 (max |T_k|/(E·k^{3/2}))
  C_L = 0.232836 (max |T_k|/(E·Ω^{1/2}·k^{0.5}))
  γ_avg = -0.7276 (averaged over 100 samples)
  γ < 2? YES ✓
  Energy decreasing? YES ✓

============================================================
  PHASE 2: ADAPTIVE N (ceiling 20)
============================================================

  Step     Time     N_act    Energy       Enstrophy    E_top/E      Status    
  200      0.020    4        6.361140e+01 3.752771e+02 6.485e-05    EXPAND
  400      0.040    5        1.310112e+02 1.287660e+03 1.179e-02    EXPAND
  600      0.060    6        2.904350e+02 4.197932e+03 2.766e-02    EXPAND
  800      0.080    7        7.212155e+02 1.492092e+04 1.613e-02    EXPAND
  1000     0.100    8        2.708099e+03 7.080529e+04 1.878e-02    EXPAND
  1200     0.120    9        2.890661e+04 1.018252e+06 1.059e-03    EXPAND
  1400     0.140    9        nan          nan          0.000e+00    stable (1)
  1600     0.160    9        nan          nan          0.000e+00    stable (2)
  1800     0.180    9        nan          nan          0.000e+00    stable (3)
  2000     0.200    9        nan          nan          0.000e+00    stable (4)
  2200     0.220    9        nan          nan          0.000e+00    stable (5)
  2400     0.240    9        nan          nan          0.000e+00    stable (6)
  2600     0.260    9        nan          nan          0.000e+00    stable (7)
  2800     0.280    9        nan          nan          0.000e+00    stable (8)
  3000     0.300    9        nan          nan          0.000e+00    stable (9)
  3200     0.320    9        nan          nan          0.000e+00    stable (10)
  3400     0.340    9        nan          nan          0.000e+00    stable (11)
  3600     0.360    9        nan          nan          0.000e+00    stable (12)
  3800     0.380    9        nan          nan          0.000e+00    stable (13)
  4000     0.400    9        nan          nan          0.000e+00    stable (14)
  4200     0.420    9        nan          nan          0.000e+00    stable (15)
  4400     0.440    9        nan          nan          0.000e+00    stable (16)
  4600     0.460    9        nan          nan          0.000e+00    stable (17)
  4800     0.480    9        nan          nan          0.000e+00    stable (18)
  5000     0.500    9        nan          nan          0.000e+00    stable (19)
  5200     0.520    9        nan          nan          0.000e+00    stable (20)
  5400     0.540    9        nan          nan          0.000e+00    stable (21)
  5600     0.560    9        nan          nan          0.000e+00    stable (22)
  5800     0.580    9        nan          nan          0.000e+00    stable (23)
  6000     0.600    9        nan          nan          0.000e+00    stable (24)
  6200     0.620    9        nan          nan          0.000e+00    stable (25)
  6400     0.640    9        nan          nan          0.000e+00    stable (26)
  6600     0.660    9        nan          nan          0.000e+00    stable (27)
  6800     0.680    9        nan          nan          0.000e+00    stable (28)
  7000     0.700    9        nan          nan          0.000e+00    stable (29)
  7200     0.720    9        nan          nan          0.000e+00    stable (30)
  7400     0.740    9        nan          nan          0.000e+00    stable (31)
  7600     0.760    9        nan          nan          0.000e+00    stable (32)
  7800     0.780    9        nan          nan          0.000e+00    stable (33)
  8000     0.800    9        nan          nan          0.000e+00    stable (34)
  8200     0.820    9        nan          nan          0.000e+00    stable (35)
  8400     0.840    9        nan          nan          0.000e+00    stable (36)
  8600     0.860    9        nan          nan          0.000e+00    stable (37)
  8800     0.880    9        nan          nan          0.000e+00    stable (38)
  9000     0.900    9        nan          nan          0.000e+00    stable (39)
  9200     0.920    9        nan          nan          0.000e+00    stable (40)
  9400     0.940    9        nan          nan          0.000e+00    stable (41)
  9600     0.960    9        nan          nan          0.000e+00    stable (42)
  9800     0.980    9        nan          nan          0.000e+00    stable (43)
  10000    1.000    9        nan          nan          0.000e+00    stable (44)
  10200    1.020    9        nan          nan          0.000e+00    stable (45)
  10400    1.040    9        nan          nan          0.000e+00    stable (46)
  10600    1.060    9        nan          nan          0.000e+00    stable (47)
  10800    1.080    9        nan          nan          0.000e+00    stable (48)
  11000    1.100    9        nan          nan          0.000e+00    stable (49)
  11200    1.120    9        nan          nan          0.000e+00    stable (50)
  11400    1.140    9        nan          nan          0.000e+00    stable (51)
  11600    1.160    9        nan          nan          0.000e+00    stable (52)
  11800    1.180    9        nan          nan          0.000e+00    stable (53)
  12000    1.200    9        nan          nan          0.000e+00    stable (54)
  12200    1.220    9        nan          nan          0.000e+00    stable (55)
  12400    1.240    9        nan          nan          0.000e+00    stable (56)
  12600    1.260    9        nan          nan          0.000e+00    stable (57)
  12800    1.280    9        nan          nan          0.000e+00    stable (58)
  13000    1.300    9        nan          nan          0.000e+00    stable (59)
  13200    1.320    9        nan          nan          0.000e+00    stable (60)
  13400    1.340    9        nan          nan          0.000e+00    stable (61)
  13600    1.360    9        nan          nan          0.000e+00    stable (62)
  13800    1.380    9        nan          nan          0.000e+00    stable (63)
  14000    1.400    9        nan          nan          0.000e+00    stable (64)
  14200    1.420    9        nan          nan          0.000e+00    stable (65)
  14400    1.440    9        nan          nan          0.000e+00    stable (66)
  14600    1.460    9        nan          nan          0.000e+00    stable (67)
  14800    1.480    9        nan          nan          0.000e+00    stable (68)
  15000    1.500    9        nan          nan          0.000e+00    stable (69)
  15200    1.520    9        nan          nan          0.000e+00    stable (70)
  15400    1.540    9        nan          nan          0.000e+00    stable (71)
  15600    1.560    9        nan          nan          0.000e+00    stable (72)
  15800    1.580    9        nan          nan          0.000e+00    stable (73)
  16000    1.600    9        nan          nan          0.000e+00    stable (74)
  16200    1.620    9        nan          nan          0.000e+00    stable (75)
  16400    1.640    9        nan          nan          0.000e+00    stable (76)
  16600    1.660    9        nan          nan          0.000e+00    stable (77)
  16800    1.680    9        nan          nan          0.000e+00    stable (78)
  17000    1.700    9        nan          nan          0.000e+00    stable (79)
  17200    1.720    9        nan          nan          0.000e+00    stable (80)
  17400    1.740    9        nan          nan          0.000e+00    stable (81)
  17600    1.760    9        nan          nan          0.000e+00    stable (82)
  17800    1.780    9        nan          nan          0.000e+00    stable (83)
  18000    1.800    9        nan          nan          0.000e+00    stable (84)
  18200    1.820    9        nan          nan          0.000e+00    stable (85)
  18400    1.840    9        nan          nan          0.000e+00    stable (86)
  18600    1.860    9        nan          nan          0.000e+00    stable (87)
  18800    1.880    9        nan          nan          0.000e+00    stable (88)
  19000    1.900    9        nan          nan          0.000e+00    stable (89)
  19200    1.920    9        nan          nan          0.000e+00    stable (90)
  19400    1.940    9        nan          nan          0.000e+00    stable (91)
  19600    1.960    9        nan          nan          0.000e+00    stable (92)
  19800    1.980    9        nan          nan          0.000e+00    stable (93)
  20000    2.000    9        nan          nan          0.000e+00    stable (94)
  20200    2.020    9        nan          nan          0.000e+00    stable (95)
  20400    2.040    9        nan          nan          0.000e+00    stable (96)
  20600    2.060    9        nan          nan          0.000e+00    stable (97)
  20800    2.080    9        nan          nan          0.000e+00    stable (98)
  21000    2.100    9        nan          nan          0.000e+00    stable (99)
  21200    2.120    9        nan          nan          0.000e+00    stable (100)
  21400    2.140    9        nan          nan          0.000e+00    stable (101)
  21600    2.160    9        nan          nan          0.000e+00    stable (102)
  21800    2.180    9        nan          nan          0.000e+00    stable (103)
  22000    2.200    9        nan          nan          0.000e+00    stable (104)
  22200    2.220    9        nan          nan          0.000e+00    stable (105)
  22400    2.240    9        nan          nan          0.000e+00    stable (106)
  22600    2.260    9        nan          nan          0.000e+00    stable (107)
  22800    2.280    9        nan          nan          0.000e+00    stable (108)
  23000    2.300    9        nan          nan          0.000e+00    stable (109)
  23200    2.320    9        nan          nan          0.000e+00    stable (110)
  23400    2.340    9        nan          nan          0.000e+00    stable (111)
  23600    2.360    9        nan          nan          0.000e+00    stable (112)
  23800    2.380    9        nan          nan          0.000e+00    stable (113)
  24000    2.400    9        nan          nan          0.000e+00    stable (114)
  24200    2.420    9        nan          nan          0.000e+00    stable (115)
  24400    2.440    9        nan          nan          0.000e+00    stable (116)
  24600    2.460    9        nan          nan          0.000e+00    stable (117)
  24800    2.480    9        nan          nan          0.000e+00    stable (118)
  25000    2.500    9        nan          nan          0.000e+00    stable (119)
  25200    2.520    9        nan          nan          0.000e+00    stable (120)
  25400    2.540    9        nan          nan          0.000e+00    stable (121)
  25600    2.560    9        nan          nan          0.000e+00    stable (122)
  25800    2.580    9        nan          nan          0.000e+00    stable (123)
  26000    2.600    9        nan          nan          0.000e+00    stable (124)
  26200    2.620    9        nan          nan          0.000e+00    stable (125)
  26400    2.640    9        nan          nan          0.000e+00    stable (126)
  26600    2.660    9        nan          nan          0.000e+00    stable (127)
  26800    2.680    9        nan          nan          0.000e+00    stable (128)
  27000    2.700    9        nan          nan          0.000e+00    stable (129)
  27200    2.720    9        nan          nan          0.000e+00    stable (130)
  27400    2.740    9        nan          nan          0.000e+00    stable (131)
  27600    2.760    9        nan          nan          0.000e+00    stable (132)
  27800    2.780    9        nan          nan          0.000e+00    stable (133)
  28000    2.800    9        nan          nan          0.000e+00    stable (134)
  28200    2.820    9        nan          nan          0.000e+00    stable (135)
  28400    2.840    9        nan          nan          0.000e+00    stable (136)
  28600    2.860    9        nan          nan          0.000e+00    stable (137)
  28800    2.880    9        nan          nan          0.000e+00    stable (138)
  29000    2.900    9        nan          nan          0.000e+00    stable (139)
  29200    2.920    9        nan          nan          0.000e+00    stable (140)
  29400    2.940    9        nan          nan          0.000e+00    stable (141)
  29600    2.960    9        nan          nan          0.000e+00    stable (142)
  29800    2.980    9        nan          nan          0.000e+00    stable (143)
  30000    3.000    9        nan          nan          0.000e+00    stable (144)
  30200    3.020    9        nan          nan          0.000e+00    stable (145)
  30400    3.040    9        nan          nan          0.000e+00    stable (146)
  30600    3.060    9        nan          nan          0.000e+00    stable (147)
  30800    3.080    9        nan          nan          0.000e+00    stable (148)
  31000    3.100    9        nan          nan          0.000e+00    stable (149)
  31200    3.120    9        nan          nan          0.000e+00    stable (150)
  31400    3.140    9        nan          nan          0.000e+00    stable (151)
  31600    3.160    9        nan          nan          0.000e+00    stable (152)
  31800    3.180    9        nan          nan          0.000e+00    stable (153)
  32000    3.200    9        nan          nan          0.000e+00    stable (154)
  32200    3.220    9        nan          nan          0.000e+00    stable (155)
  32400    3.240    9        nan          nan          0.000e+00    stable (156)
  32600    3.260    9        nan          nan          0.000e+00    stable (157)
  32800    3.280    9        nan          nan          0.000e+00    stable (158)
  33000    3.300    9        nan          nan          0.000e+00    stable (159)
  33200    3.320    9        nan          nan          0.000e+00    stable (160)
  33400    3.340    9        nan          nan          0.000e+00    stable (161)
  33600    3.360    9        nan          nan          0.000e+00    stable (162)
  33800    3.380    9        nan          nan          0.000e+00    stable (163)
  34000    3.400    9        nan          nan          0.000e+00    stable (164)
  34200    3.420    9        nan          nan          0.000e+00    stable (165)
  34400    3.440    9        nan          nan          0.000e+00    stable (166)
  34600    3.460    9        nan          nan          0.000e+00    stable (167)
  34800    3.480    9        nan          nan          0.000e+00    stable (168)
  35000    3.500    9        nan          nan          0.000e+00    stable (169)
  35200    3.520    9        nan          nan          0.000e+00    stable (170)
  35400    3.540    9        nan          nan          0.000e+00    stable (171)
  35600    3.560    9        nan          nan          0.000e+00    stable (172)
  35800    3.580    9        nan          nan          0.000e+00    stable (173)
  36000    3.600    9        nan          nan          0.000e+00    stable (174)
  36200    3.620    9        nan          nan          0.000e+00    stable (175)
  36400    3.640    9        nan          nan          0.000e+00    stable (176)
  36600    3.660    9        nan          nan          0.000e+00    stable (177)
  36800    3.680    9        nan          nan          0.000e+00    stable (178)
  37000    3.700    9        nan          nan          0.000e+00    stable (179)
  37200    3.720    9        nan          nan          0.000e+00    stable (180)
  37400    3.740    9        nan          nan          0.000e+00    stable (181)
  37600    3.760    9        nan          nan          0.000e+00    stable (182)
  37800    3.780    9        nan          nan          0.000e+00    stable (183)
  38000    3.800    9        nan          nan          0.000e+00    stable (184)
  38200    3.820    9        nan          nan          0.000e+00    stable (185)
  38400    3.840    9        nan          nan          0.000e+00    stable (186)
  38600    3.860    9        nan          nan          0.000e+00    stable (187)
  38800    3.880    9        nan          nan          0.000e+00    stable (188)
  39000    3.900    9        nan          nan          0.000e+00    stable (189)
  39200    3.920    9        nan          nan          0.000e+00    stable (190)
  39400    3.940    9        nan          nan          0.000e+00    stable (191)
  39600    3.960    9        nan          nan          0.000e+00    stable (192)
  39800    3.980    9        nan          nan          0.000e+00    stable (193)
  40000    4.000    9        nan          nan          0.000e+00    stable (194)

  --- PHASE 2 RESULTS ---
  N_max reached: 9
  N_active at end: 9 (stable for 194 samples)
  E(0) = 63.7555627118 → E(T) = nan (change: nan%)
  Hit ceiling? NO ✓
  Cascade stabilised? YES ✓

################################################################
#  UNIVERSALITY SUMMARY                                       #
################################################################

  ν = 0.010000, A = 1.0000, IC = concentrated
  C_s = 1.954766 (need: bounded, ideally ≤ 0.123)
  C_L = 0.232836 (need: bounded, ideally ≤ 0.031)
  γ = -0.7276 (need: < 2)
  Ω_max = 1578.927285 (need: bounded)
  N_stable = 9 (need: finite)
  Energy decreasing: YES

  PASS = C_s bounded AND γ < 2 AND energy decreasing AND N stable
  RESULT: PASS ✓

