################################################################
#  UNIVERSALITY VERIFICATION — C_s BOUND                      #
################################################################

  ν = 0.001000
  A = 0.3000
  IC = distributed (0)
  N_max = 8
  N_ceiling = 20 (adaptive)
  dt = 1.00e-04 (CFL-based)
  Total steps = 20000 (T = 2.00)
  Sample interval = 200

============================================================
  PHASE 1: CASCADE EXPONENT AND C_s (fixed N=8)
============================================================

  Modes: 2108

  E(0) = 14.8672344158
  Ω(0) = 469.7120249470

  Step     Time       Energy     Enstrophy  max_Cs     max_Cl    
  200      0.0200     14.852173  472.488108 0.043860   0.010488  
  400      0.0400     14.836754  480.429216 0.106722   0.021020  
  600      0.0600     14.820794  490.022879 0.121420   0.021020  
  800      0.0800     14.804317  498.902941 0.121420   0.021020  
  1000     0.1000     14.787430  506.337261 0.121420   0.021020  
  1200     0.1200     14.770253  512.416438 0.121420   0.021020  
  1400     0.1400     14.752881  517.502155 0.121420   0.021020  
  1600     0.1600     14.735361  521.878152 0.121420   0.021020  
  1800     0.1800     14.717701  525.637406 0.121420   0.021020  
  2000     0.2000     14.699899  528.715927 0.121420   0.021020  
  2200     0.2200     14.681969  531.018545 0.121420   0.021020  
  2400     0.2400     14.663931  532.511098 0.121420   0.021020  
  2600     0.2600     14.645798  533.173918 0.121420   0.021020  
  2800     0.2800     14.627585  533.099352 0.121420   0.021020  
  3000     0.3000     14.609307  532.746010 0.121420   0.021020  
  3200     0.3200     14.590970  532.872183 0.121420   0.021020  
  3400     0.3400     14.572558  534.081644 0.121420   0.021020  
  3600     0.3600     14.554032  536.464735 0.121420   0.021020  
  3800     0.3800     14.535357  539.589665 0.121420   0.021020  
  4000     0.4000     14.516521  542.752954 0.121420   0.021020  
  4200     0.4200     14.497537  545.331050 0.121420   0.021020  
  4400     0.4400     14.478428  547.020572 0.121420   0.021020  
  4600     0.4600     14.459224  547.843405 0.121420   0.021020  
  4800     0.4800     14.439955  548.020817 0.121420   0.021020  
  5000     0.5000     14.420651  547.834125 0.121420   0.021020  
  5200     0.5200     14.401334  547.486802 0.121420   0.021020  
  5400     0.5400     14.382019  547.038358 0.121420   0.021020  
  5600     0.5600     14.362715  546.460781 0.121420   0.021020  
  5800     0.5800     14.343427  545.741167 0.121420   0.021020  
  6000     0.6000     14.324152  544.947531 0.121420   0.021020  
  6200     0.6200     14.304883  544.207353 0.121420   0.021020  
  6400     0.6400     14.285607  543.614246 0.121420   0.021020  
  6600     0.6600     14.266315  543.168643 0.121420   0.021020  
  6800     0.6800     14.247003  542.807566 0.121420   0.021020  
  7000     0.7000     14.227673  542.472659 0.121420   0.021020  
  7200     0.7200     14.208334  542.139114 0.121420   0.021020  
  7400     0.7400     14.188992  541.774536 0.121420   0.021020  
  7600     0.7600     14.169656  541.294031 0.121420   0.021020  
  7800     0.7800     14.150336  540.596241 0.121420   0.021020  
  8000     0.8000     14.131048  539.640856 0.121420   0.021020  
  8200     0.8200     14.111804  538.456796 0.121420   0.021020  
  8400     0.8400     14.092611  537.082172 0.121420   0.021020  
  8600     0.8600     14.073470  535.540117 0.121420   0.021020  
  8800     0.8800     14.054379  533.878446 0.121420   0.021020  
  9000     0.9000     14.035330  532.200734 0.121420   0.021020  
  9200     0.9200     14.016317  530.646164 0.121420   0.021020  
  9400     0.9400     13.997332  529.342181 0.121420   0.021020  
  9600     0.9600     13.978367  528.369453 0.121420   0.021020  
  9800     0.9800     13.959416  527.762700 0.121420   0.021020  
  10000    1.0000     13.940473  527.531874 0.121420   0.021020  
  10200    1.0200     13.921528  527.654615 0.121420   0.021020  
  10400    1.0400     13.902573  528.032216 0.121420   0.021020  
  10600    1.0600     13.883601  528.473843 0.121420   0.021020  
  10800    1.0800     13.864615  528.746326 0.121420   0.021020  
  11000    1.1000     13.845628  528.645946 0.121420   0.021020  
  11200    1.1200     13.826657  528.054754 0.121420   0.021020  
  11400    1.1400     13.807725  526.988070 0.121420   0.021020  
  11600    1.1600     13.788846  525.615931 0.121420   0.021020  
  11800    1.1800     13.770028  524.211957 0.121420   0.021020  
  12000    1.2000     13.751261  523.034204 0.121420   0.021020  
  12200    1.2200     13.732527  522.211408 0.121420   0.021020  
  12400    1.2400     13.713808  521.701206 0.121420   0.021020  
  12600    1.2600     13.695093  521.329799 0.121420   0.021020  
  12800    1.2800     13.676380  520.884759 0.121420   0.021020  
  13000    1.3000     13.657680  520.213841 0.121420   0.021020  
  13200    1.3200     13.639009  519.273114 0.121420   0.021020  
  13400    1.3400     13.620382  518.100220 0.121420   0.021020  
  13600    1.3600     13.601812  516.754127 0.121420   0.021020  
  13800    1.3800     13.583311  515.290904 0.121420   0.021020  
  14000    1.4000     13.564885  513.794642 0.121420   0.021020  
  14200    1.4200     13.546529  512.405351 0.121420   0.021020  
  14400    1.4400     13.528231  511.271983 0.121420   0.021020  
  14600    1.4600     13.509969  510.442013 0.121420   0.021020  
  14800    1.4800     13.491723  509.801553 0.121420   0.021020  
  15000    1.5000     13.473484  509.144269 0.121420   0.021020  
  15200    1.5200     13.455257  508.299790 0.121420   0.021020  
  15400    1.5400     13.437050  507.214288 0.121420   0.021020  
  15600    1.5600     13.418872  505.964914 0.121420   0.021020  
  15800    1.5800     13.400723  504.733179 0.121420   0.021020  
  16000    1.6000     13.382596  503.730761 0.121420   0.021020  
  16200    1.6200     13.364483  503.082154 0.121420   0.021020  
  16400    1.6400     13.346377  502.740248 0.121420   0.021020  
  16600    1.6600     13.328281  502.518063 0.121420   0.021020  
  16800    1.6800     13.310203  502.208467 0.121420   0.021020  
  17000    1.7000     13.292157  501.677564 0.121420   0.021020  
  17200    1.7200     13.274151  500.890145 0.121420   0.021020  
  17400    1.7400     13.256192  499.922325 0.121420   0.021020  
  17600    1.7600     13.238275  498.966168 0.121420   0.021020  
  17800    1.7800     13.220392  498.258981 0.121420   0.021020  
  18000    1.8000     13.202526  497.946257 0.121420   0.021020  
  18200    1.8200     13.184662  497.993105 0.121420   0.021020  
  18400    1.8400     13.166787  498.215614 0.121420   0.021020  
  18600    1.8600     13.148902  498.390206 0.121420   0.021020  
  18800    1.8800     13.131011  498.365047 0.121420   0.021020  
  19000    1.9000     13.113125  498.121342 0.121420   0.021020  
  19200    1.9200     13.095254  497.751558 0.121420   0.021020  
  19400    1.9400     13.077398  497.358545 0.121420   0.021020  
  19600    1.9600     13.059555  496.944053 0.121420   0.021020  
  19800    1.9800     13.041723  496.372756 0.121420   0.021020  
  20000    2.0000     13.023906  495.432920 0.121420   0.021020  

  --- PHASE 1 RESULTS ---
  E(0) = 14.8672344158 → E(T) = 13.0239059182 (change: -12.3986%)
  Ω_max = 548.0208169887
  C_s = 0.121420 (max |T_k|/(E·k^{3/2}))
  C_L = 0.021020 (max |T_k|/(E·Ω^{1/2}·k^{0.5}))
  γ_avg = 0.0205 (averaged over 100 samples)
  γ < 2? YES ✓
  Energy decreasing? YES ✓

============================================================
  PHASE 2: ADAPTIVE N (ceiling 20)
============================================================

  Step     Time     N_act    Energy       Enstrophy    E_top/E      Status    
  200      0.020    4        2.395718e+00 1.128523e+01 1.494e-01    EXPAND
  400      0.040    5        4.870165e+00 4.507457e+01 6.024e-03    EXPAND
  600      0.060    6        9.792512e+00 1.475267e+02 7.035e-02    EXPAND
  800      0.080    7        1.782440e+01 3.922047e+02 2.917e-02    EXPAND
  1000     0.100    8        2.841010e+01 8.188817e+02 4.477e-02    EXPAND
  1200     0.120    9        4.494308e+01 1.683910e+03 4.501e-04    EXPAND
  1400     0.140    10       7.387729e+01 3.539970e+03 2.432e-02    EXPAND
  1600     0.160    11       1.252699e+02 7.142382e+03 4.854e-03    EXPAND
  1800     0.180    12       2.620703e+02 1.762266e+04 7.462e-03    EXPAND
  2000     0.200    13       7.967465e+02 6.158154e+04 2.569e-03    EXPAND
  2200     0.220    14       6.900922e+03 6.456235e+05 4.361e-03    EXPAND
  2400     0.240    14       nan          nan          0.000e+00    stable (1)
  2600     0.260    14       nan          nan          0.000e+00    stable (2)
  2800     0.280    14       nan          nan          0.000e+00    stable (3)
  3000     0.300    14       nan          nan          0.000e+00    stable (4)
  3200     0.320    14       nan          nan          0.000e+00    stable (5)
  3400     0.340    14       nan          nan          0.000e+00    stable (6)
  3600     0.360    14       nan          nan          0.000e+00    stable (7)
  3800     0.380    14       nan          nan          0.000e+00    stable (8)
  4000     0.400    14       nan          nan          0.000e+00    stable (9)
  4200     0.420    14       nan          nan          0.000e+00    stable (10)
  4400     0.440    14       nan          nan          0.000e+00    stable (11)
  4600     0.460    14       nan          nan          0.000e+00    stable (12)
  4800     0.480    14       nan          nan          0.000e+00    stable (13)
  5000     0.500    14       nan          nan          0.000e+00    stable (14)
  5200     0.520    14       nan          nan          0.000e+00    stable (15)
  5400     0.540    14       nan          nan          0.000e+00    stable (16)
  5600     0.560    14       nan          nan          0.000e+00    stable (17)
  5800     0.580    14       nan          nan          0.000e+00    stable (18)
  6000     0.600    14       nan          nan          0.000e+00    stable (19)
  6200     0.620    14       nan          nan          0.000e+00    stable (20)
  6400     0.640    14       nan          nan          0.000e+00    stable (21)
  6600     0.660    14       nan          nan          0.000e+00    stable (22)
  6800     0.680    14       nan          nan          0.000e+00    stable (23)
  7000     0.700    14       nan          nan          0.000e+00    stable (24)
  7200     0.720    14       nan          nan          0.000e+00    stable (25)
  7400     0.740    14       nan          nan          0.000e+00    stable (26)
  7600     0.760    14       nan          nan          0.000e+00    stable (27)
  7800     0.780    14       nan          nan          0.000e+00    stable (28)
  8000     0.800    14       nan          nan          0.000e+00    stable (29)
  8200     0.820    14       nan          nan          0.000e+00    stable (30)
  8400     0.840    14       nan          nan          0.000e+00    stable (31)
  8600     0.860    14       nan          nan          0.000e+00    stable (32)
  8800     0.880    14       nan          nan          0.000e+00    stable (33)
  9000     0.900    14       nan          nan          0.000e+00    stable (34)
  9200     0.920    14       nan          nan          0.000e+00    stable (35)
  9400     0.940    14       nan          nan          0.000e+00    stable (36)
  9600     0.960    14       nan          nan          0.000e+00    stable (37)
  9800     0.980    14       nan          nan          0.000e+00    stable (38)
  10000    1.000    14       nan          nan          0.000e+00    stable (39)
  10200    1.020    14       nan          nan          0.000e+00    stable (40)
  10400    1.040    14       nan          nan          0.000e+00    stable (41)
  10600    1.060    14       nan          nan          0.000e+00    stable (42)
  10800    1.080    14       nan          nan          0.000e+00    stable (43)
  11000    1.100    14       nan          nan          0.000e+00    stable (44)
  11200    1.120    14       nan          nan          0.000e+00    stable (45)
  11400    1.140    14       nan          nan          0.000e+00    stable (46)
  11600    1.160    14       nan          nan          0.000e+00    stable (47)
  11800    1.180    14       nan          nan          0.000e+00    stable (48)
  12000    1.200    14       nan          nan          0.000e+00    stable (49)
  12200    1.220    14       nan          nan          0.000e+00    stable (50)
  12400    1.240    14       nan          nan          0.000e+00    stable (51)
  12600    1.260    14       nan          nan          0.000e+00    stable (52)
  12800    1.280    14       nan          nan          0.000e+00    stable (53)
  13000    1.300    14       nan          nan          0.000e+00    stable (54)
  13200    1.320    14       nan          nan          0.000e+00    stable (55)
  13400    1.340    14       nan          nan          0.000e+00    stable (56)
  13600    1.360    14       nan          nan          0.000e+00    stable (57)
  13800    1.380    14       nan          nan          0.000e+00    stable (58)
  14000    1.400    14       nan          nan          0.000e+00    stable (59)
  14200    1.420    14       nan          nan          0.000e+00    stable (60)
  14400    1.440    14       nan          nan          0.000e+00    stable (61)
  14600    1.460    14       nan          nan          0.000e+00    stable (62)
  14800    1.480    14       nan          nan          0.000e+00    stable (63)
  15000    1.500    14       nan          nan          0.000e+00    stable (64)
  15200    1.520    14       nan          nan          0.000e+00    stable (65)
  15400    1.540    14       nan          nan          0.000e+00    stable (66)
  15600    1.560    14       nan          nan          0.000e+00    stable (67)
  15800    1.580    14       nan          nan          0.000e+00    stable (68)
  16000    1.600    14       nan          nan          0.000e+00    stable (69)
  16200    1.620    14       nan          nan          0.000e+00    stable (70)
  16400    1.640    14       nan          nan          0.000e+00    stable (71)
  16600    1.660    14       nan          nan          0.000e+00    stable (72)
  16800    1.680    14       nan          nan          0.000e+00    stable (73)
  17000    1.700    14       nan          nan          0.000e+00    stable (74)
  17200    1.720    14       nan          nan          0.000e+00    stable (75)
  17400    1.740    14       nan          nan          0.000e+00    stable (76)
  17600    1.760    14       nan          nan          0.000e+00    stable (77)
  17800    1.780    14       nan          nan          0.000e+00    stable (78)
  18000    1.800    14       nan          nan          0.000e+00    stable (79)
  18200    1.820    14       nan          nan          0.000e+00    stable (80)
  18400    1.840    14       nan          nan          0.000e+00    stable (81)
  18600    1.860    14       nan          nan          0.000e+00    stable (82)
  18800    1.880    14       nan          nan          0.000e+00    stable (83)
  19000    1.900    14       nan          nan          0.000e+00    stable (84)
  19200    1.920    14       nan          nan          0.000e+00    stable (85)
  19400    1.940    14       nan          nan          0.000e+00    stable (86)
  19600    1.960    14       nan          nan          0.000e+00    stable (87)
  19800    1.980    14       nan          nan          0.000e+00    stable (88)
  20000    2.000    14       nan          nan          0.000e+00    stable (89)
  20200    2.020    14       nan          nan          0.000e+00    stable (90)
  20400    2.040    14       nan          nan          0.000e+00    stable (91)
  20600    2.060    14       nan          nan          0.000e+00    stable (92)
  20800    2.080    14       nan          nan          0.000e+00    stable (93)
  21000    2.100    14       nan          nan          0.000e+00    stable (94)
  21200    2.120    14       nan          nan          0.000e+00    stable (95)
  21400    2.140    14       nan          nan          0.000e+00    stable (96)
  21600    2.160    14       nan          nan          0.000e+00    stable (97)
  21800    2.180    14       nan          nan          0.000e+00    stable (98)
  22000    2.200    14       nan          nan          0.000e+00    stable (99)
  22200    2.220    14       nan          nan          0.000e+00    stable (100)
  22400    2.240    14       nan          nan          0.000e+00    stable (101)
  22600    2.260    14       nan          nan          0.000e+00    stable (102)
  22800    2.280    14       nan          nan          0.000e+00    stable (103)
  23000    2.300    14       nan          nan          0.000e+00    stable (104)
  23200    2.320    14       nan          nan          0.000e+00    stable (105)
  23400    2.340    14       nan          nan          0.000e+00    stable (106)
  23600    2.360    14       nan          nan          0.000e+00    stable (107)
  23800    2.380    14       nan          nan          0.000e+00    stable (108)
  24000    2.400    14       nan          nan          0.000e+00    stable (109)
  24200    2.420    14       nan          nan          0.000e+00    stable (110)
  24400    2.440    14       nan          nan          0.000e+00    stable (111)
  24600    2.460    14       nan          nan          0.000e+00    stable (112)
  24800    2.480    14       nan          nan          0.000e+00    stable (113)
  25000    2.500    14       nan          nan          0.000e+00    stable (114)
  25200    2.520    14       nan          nan          0.000e+00    stable (115)
  25400    2.540    14       nan          nan          0.000e+00    stable (116)
  25600    2.560    14       nan          nan          0.000e+00    stable (117)
  25800    2.580    14       nan          nan          0.000e+00    stable (118)
  26000    2.600    14       nan          nan          0.000e+00    stable (119)
  26200    2.620    14       nan          nan          0.000e+00    stable (120)
  26400    2.640    14       nan          nan          0.000e+00    stable (121)
  26600    2.660    14       nan          nan          0.000e+00    stable (122)
  26800    2.680    14       nan          nan          0.000e+00    stable (123)
  27000    2.700    14       nan          nan          0.000e+00    stable (124)
  27200    2.720    14       nan          nan          0.000e+00    stable (125)
  27400    2.740    14       nan          nan          0.000e+00    stable (126)
  27600    2.760    14       nan          nan          0.000e+00    stable (127)
  27800    2.780    14       nan          nan          0.000e+00    stable (128)
  28000    2.800    14       nan          nan          0.000e+00    stable (129)
  28200    2.820    14       nan          nan          0.000e+00    stable (130)
  28400    2.840    14       nan          nan          0.000e+00    stable (131)
  28600    2.860    14       nan          nan          0.000e+00    stable (132)
  28800    2.880    14       nan          nan          0.000e+00    stable (133)
  29000    2.900    14       nan          nan          0.000e+00    stable (134)
  29200    2.920    14       nan          nan          0.000e+00    stable (135)
  29400    2.940    14       nan          nan          0.000e+00    stable (136)
  29600    2.960    14       nan          nan          0.000e+00    stable (137)
  29800    2.980    14       nan          nan          0.000e+00    stable (138)
  30000    3.000    14       nan          nan          0.000e+00    stable (139)
  30200    3.020    14       nan          nan          0.000e+00    stable (140)
  30400    3.040    14       nan          nan          0.000e+00    stable (141)
  30600    3.060    14       nan          nan          0.000e+00    stable (142)
  30800    3.080    14       nan          nan          0.000e+00    stable (143)
  31000    3.100    14       nan          nan          0.000e+00    stable (144)
  31200    3.120    14       nan          nan          0.000e+00    stable (145)
  31400    3.140    14       nan          nan          0.000e+00    stable (146)
  31600    3.160    14       nan          nan          0.000e+00    stable (147)
  31800    3.180    14       nan          nan          0.000e+00    stable (148)
  32000    3.200    14       nan          nan          0.000e+00    stable (149)
  32200    3.220    14       nan          nan          0.000e+00    stable (150)
  32400    3.240    14       nan          nan          0.000e+00    stable (151)
  32600    3.260    14       nan          nan          0.000e+00    stable (152)
  32800    3.280    14       nan          nan          0.000e+00    stable (153)
  33000    3.300    14       nan          nan          0.000e+00    stable (154)
  33200    3.320    14       nan          nan          0.000e+00    stable (155)
  33400    3.340    14       nan          nan          0.000e+00    stable (156)
  33600    3.360    14       nan          nan          0.000e+00    stable (157)
  33800    3.380    14       nan          nan          0.000e+00    stable (158)
  34000    3.400    14       nan          nan          0.000e+00    stable (159)
  34200    3.420    14       nan          nan          0.000e+00    stable (160)
  34400    3.440    14       nan          nan          0.000e+00    stable (161)
  34600    3.460    14       nan          nan          0.000e+00    stable (162)
  34800    3.480    14       nan          nan          0.000e+00    stable (163)
  35000    3.500    14       nan          nan          0.000e+00    stable (164)
  35200    3.520    14       nan          nan          0.000e+00    stable (165)
  35400    3.540    14       nan          nan          0.000e+00    stable (166)
  35600    3.560    14       nan          nan          0.000e+00    stable (167)
  35800    3.580    14       nan          nan          0.000e+00    stable (168)
  36000    3.600    14       nan          nan          0.000e+00    stable (169)
  36200    3.620    14       nan          nan          0.000e+00    stable (170)
  36400    3.640    14       nan          nan          0.000e+00    stable (171)
  36600    3.660    14       nan          nan          0.000e+00    stable (172)
  36800    3.680    14       nan          nan          0.000e+00    stable (173)
  37000    3.700    14       nan          nan          0.000e+00    stable (174)
  37200    3.720    14       nan          nan          0.000e+00    stable (175)
  37400    3.740    14       nan          nan          0.000e+00    stable (176)
  37600    3.760    14       nan          nan          0.000e+00    stable (177)
  37800    3.780    14       nan          nan          0.000e+00    stable (178)
  38000    3.800    14       nan          nan          0.000e+00    stable (179)
  38200    3.820    14       nan          nan          0.000e+00    stable (180)
  38400    3.840    14       nan          nan          0.000e+00    stable (181)
  38600    3.860    14       nan          nan          0.000e+00    stable (182)
  38800    3.880    14       nan          nan          0.000e+00    stable (183)
  39000    3.900    14       nan          nan          0.000e+00    stable (184)
  39200    3.920    14       nan          nan          0.000e+00    stable (185)
  39400    3.940    14       nan          nan          0.000e+00    stable (186)
  39600    3.960    14       nan          nan          0.000e+00    stable (187)
  39800    3.980    14       nan          nan          0.000e+00    stable (188)
  40000    4.000    14       nan          nan          0.000e+00    stable (189)

  --- PHASE 2 RESULTS ---
  N_max reached: 14
  N_active at end: 14 (stable for 189 samples)
  E(0) = 2.3961446593 → E(T) = nan (change: nan%)
  Hit ceiling? NO ✓
  Cascade stabilised? YES ✓

################################################################
#  UNIVERSALITY SUMMARY                                       #
################################################################

  ν = 0.001000, A = 0.3000, IC = distributed
  C_s = 0.121420 (need: bounded, ideally ≤ 0.123)
  C_L = 0.021020 (need: bounded, ideally ≤ 0.031)
  γ = 0.0205 (need: < 2)
  Ω_max = 548.020817 (need: bounded)
  N_stable = 14 (need: finite)
  Energy decreasing: NO

  PASS = C_s bounded AND γ < 2 AND energy decreasing AND N stable
  RESULT: FAIL ✗

