################################################################
#  UNIVERSALITY VERIFICATION — C_s BOUND                      #
################################################################

  ν = 0.000100
  A = 0.3000
  IC = distributed (0)
  N_max = 8
  N_ceiling = 24 (adaptive)
  dt = 1.00e-04 (CFL-based)
  Total steps = 20000 (T = 2.00)
  Sample interval = 200

============================================================
  PHASE 1: CASCADE EXPONENT AND C_s (fixed N=8)
============================================================

  Modes: 2108

  E(0) = 14.8672344158
  Ω(0) = 469.7120249470

  Step     Time       Energy     Enstrophy  max_Cs     max_Cl    
  200      0.0200     14.869115  473.196260 0.043851   0.010478  
  400      0.0400     14.870844  481.872795 0.106643   0.020984  
  600      0.0600     14.872360  492.233345 0.121252   0.020984  
  800      0.0800     14.873700  501.900170 0.121252   0.020984  
  1000     0.1000     14.874929  510.129831 0.121252   0.020984  
  1200     0.1200     14.876114  517.007868 0.121252   0.020984  
  1400     0.1400     14.877309  522.895165 0.121252   0.020984  
  1600     0.1600     14.878531  528.072718 0.121252   0.020984  
  1800     0.1800     14.879765  532.626651 0.121252   0.020984  
  2000     0.2000     14.880984  536.485533 0.121252   0.020984  
  2200     0.2200     14.882178  539.552235 0.121252   0.020984  
  2400     0.2400     14.883335  541.792422 0.121252   0.020984  
  2600     0.2600     14.884439  543.181110 0.121252   0.020984  
  2800     0.2800     14.885474  543.815917 0.121252   0.020984  
  3000     0.3000     14.886438  544.189701 0.121252   0.020984  
  3200     0.3200     14.887339  545.104273 0.121252   0.020984  
  3400     0.3400     14.888190  547.178065 0.121252   0.020984  
  3600     0.3600     14.888994  550.473616 0.121252   0.020984  
  3800     0.3800     14.889752  554.504609 0.121252   0.020984  
  4000     0.4000     14.890468  558.518715 0.121252   0.020984  
  4200     0.4200     14.891142  561.874890 0.121252   0.020984  
  4400     0.4400     14.891771  564.281650 0.121252   0.020984  
  4600     0.4600     14.892350  565.787800 0.121252   0.020984  
  4800     0.4800     14.892884  566.649495 0.121252   0.020984  
  5000     0.5000     14.893387  567.177920 0.121252   0.020984  
  5200     0.5200     14.893873  567.586954 0.121252   0.020984  
  5400     0.5400     14.894353  567.935882 0.121252   0.020984  
  5600     0.5600     14.894830  568.202963 0.121252   0.020984  
  5800     0.5800     14.895303  568.390981 0.121252   0.020984  
  6000     0.6000     14.895761  568.575449 0.121252   0.020984  
  6200     0.6200     14.896196  568.855064 0.121252   0.020984  
  6400     0.6400     14.896597  569.263630 0.121252   0.020984  
  6600     0.6600     14.896964  569.752712 0.121252   0.020984  
  6800     0.6800     14.897298  570.242413 0.121252   0.020984  
  7000     0.7000     14.897609  570.668633 0.121252   0.020984  
  7200     0.7200     14.897904  570.987310 0.121252   0.020984  
  7400     0.7400     14.898192  571.146277 0.121252   0.020984  
  7600     0.7600     14.898477  571.082513 0.121252   0.020984  
  7800     0.7800     14.898763  570.767196 0.121252   0.020984  
  8000     0.8000     14.899053  570.229505 0.121252   0.020984  
  8200     0.8200     14.899346  569.514566 0.121252   0.020984  
  8400     0.8400     14.899639  568.650083 0.121252   0.020984  
  8600     0.8600     14.899927  567.682874 0.121252   0.020984  
  8800     0.8800     14.900204  566.721667 0.121252   0.020984  
  9000     0.9000     14.900466  565.930132 0.121252   0.020984  
  9200     0.9200     14.900711  565.499552 0.121252   0.020984  
  9400     0.9400     14.900943  565.606171 0.121252   0.020984  
  9600     0.9600     14.901164  566.342330 0.121252   0.020984  
  9800     0.9800     14.901380  567.668825 0.121252   0.020984  
  10000    1.0000     14.901599  569.416475 0.121252   0.020984  
  10200    1.0200     14.901825  571.309203 0.121252   0.020984  
  10400    1.0400     14.902060  573.006880 0.121252   0.020984  
  10600    1.0600     14.902306  574.178162 0.121252   0.020984  
  10800    1.0800     14.902560  574.570408 0.121252   0.020984  
  11000    1.1000     14.902819  574.056533 0.121252   0.020984  
  11200    1.1200     14.903074  572.685668 0.121252   0.020984  
  11400    1.1400     14.903322  570.726096 0.121252   0.020984  
  11600    1.1600     14.903558  568.609271 0.121252   0.020984  
  11800    1.1800     14.903783  566.732209 0.121252   0.020984  
  12000    1.2000     14.904000  565.248599 0.121252   0.020984  
  12200    1.2200     14.904215  564.026226 0.121252   0.020984  
  12400    1.2400     14.904439  562.789393 0.121252   0.020984  
  12600    1.2600     14.904679  561.323634 0.121252   0.020984  
  12800    1.2800     14.904944  559.605641 0.121252   0.020984  
  13000    1.3000     14.905230  557.797896 0.121252   0.020984  
  13200    1.3200     14.905533  556.153340 0.121252   0.020984  
  13400    1.3400     14.905845  554.900918 0.121252   0.020984  
  13600    1.3600     14.906158  554.150837 0.121252   0.020984  
  13800    1.3800     14.906472  553.857789 0.121252   0.020984  
  14000    1.4000     14.906790  553.869756 0.121252   0.020984  
  14200    1.4200     14.907120  554.035060 0.121252   0.020984  
  14400    1.4400     14.907470  554.285516 0.121252   0.020984  
  14600    1.4600     14.907841  554.621160 0.121252   0.020984  
  14800    1.4800     14.908230  555.030340 0.121252   0.020984  
  15000    1.5000     14.908624  555.460807 0.121252   0.020984  
  15200    1.5200     14.909014  555.874104 0.121252   0.020984  
  15400    1.5400     14.909390  556.304687 0.121252   0.020984  
  15600    1.5600     14.909751  556.849636 0.121252   0.020984  
  15800    1.5800     14.910101  557.590698 0.121252   0.020984  
  16000    1.6000     14.910444  558.527565 0.121252   0.020984  
  16200    1.6200     14.910785  559.569103 0.121252   0.020984  
  16400    1.6400     14.911128  560.540742 0.121252   0.020984  
  16600    1.6600     14.911477  561.201402 0.121252   0.020984  
  16800    1.6800     14.911838  561.332697 0.121252   0.020984  
  17000    1.7000     14.912216  560.891808 0.121252   0.020984  
  17200    1.7200     14.912614  560.101568 0.121252   0.020984  
  17400    1.7400     14.913031  559.369269 0.121252   0.020984  
  17600    1.7600     14.913469  559.063395 0.121252   0.020984  
  17800    1.7800     14.913928  559.299178 0.121252   0.020984  
  18000    1.8000     14.914402  559.891963 0.121252   0.020984  
  18200    1.8200     14.914887  560.508388 0.121252   0.020984  
  18400    1.8400     14.915374  560.889425 0.121252   0.020984  
  18600    1.8600     14.915856  560.977611 0.121252   0.020984  
  18800    1.8800     14.916328  560.871239 0.121252   0.020984  
  19000    1.9000     14.916785  560.689178 0.121252   0.020984  
  19200    1.9200     14.917227  560.507187 0.121252   0.020984  
  19400    1.9400     14.917649  560.394773 0.121252   0.020984  
  19600    1.9600     14.918050  560.447629 0.121252   0.020984  
  19800    1.9800     14.918423  560.787924 0.121252   0.020984  
  20000    2.0000     14.918761  561.552441 0.121252   0.020984  

  --- PHASE 1 RESULTS ---
  E(0) = 14.8672344158 → E(T) = 14.9187609555 (change: 0.3466%)
  Ω_max = 574.5704083641
  C_s = 0.121252 (max |T_k|/(E·k^{3/2}))
  C_L = 0.020984 (max |T_k|/(E·Ω^{1/2}·k^{0.5}))
  γ_avg = 0.0172 (averaged over 100 samples)
  γ < 2? YES ✓
  Energy decreasing? NO ✗

============================================================
  PHASE 2: ADAPTIVE N (ceiling 24)
============================================================

  Step     Time     N_act    Energy       Enstrophy    E_top/E      Status    
  200      0.020    4        2.396124e+00 1.128772e+01 1.494e-01    EXPAND
  400      0.040    5        4.919793e+00 4.536998e+01 7.260e-03    EXPAND
  600      0.060    6        9.893431e+00 1.489013e+02 6.931e-02    EXPAND
  800      0.080    7        1.801251e+01 3.958200e+02 2.886e-02    EXPAND
  1000     0.100    8        2.876560e+01 8.267422e+02 4.376e-02    EXPAND
  1200     0.120    9        4.554977e+01 1.703103e+03 4.972e-04    EXPAND
  1400     0.140    10       7.477165e+01 3.592172e+03 2.364e-02    EXPAND
  1600     0.160    11       1.263275e+02 7.228326e+03 4.375e-03    EXPAND
  1800     0.180    12       2.645463e+02 1.763104e+04 7.810e-03    EXPAND
  2000     0.200    13       8.443390e+02 6.397617e+04 2.310e-03    EXPAND
  2200     0.220    14       7.364505e+03 6.921059e+05 4.780e-03    EXPAND
  2400     0.240    14       nan          nan          0.000e+00    stable (1)
  2600     0.260    14       nan          nan          0.000e+00    stable (2)
  2800     0.280    14       nan          nan          0.000e+00    stable (3)
  3000     0.300    14       nan          nan          0.000e+00    stable (4)
  3200     0.320    14       nan          nan          0.000e+00    stable (5)
  3400     0.340    14       nan          nan          0.000e+00    stable (6)
  3600     0.360    14       nan          nan          0.000e+00    stable (7)
  3800     0.380    14       nan          nan          0.000e+00    stable (8)
  4000     0.400    14       nan          nan          0.000e+00    stable (9)
  4200     0.420    14       nan          nan          0.000e+00    stable (10)
  4400     0.440    14       nan          nan          0.000e+00    stable (11)
  4600     0.460    14       nan          nan          0.000e+00    stable (12)
  4800     0.480    14       nan          nan          0.000e+00    stable (13)
  5000     0.500    14       nan          nan          0.000e+00    stable (14)
  5200     0.520    14       nan          nan          0.000e+00    stable (15)
  5400     0.540    14       nan          nan          0.000e+00    stable (16)
  5600     0.560    14       nan          nan          0.000e+00    stable (17)
  5800     0.580    14       nan          nan          0.000e+00    stable (18)
  6000     0.600    14       nan          nan          0.000e+00    stable (19)
  6200     0.620    14       nan          nan          0.000e+00    stable (20)
  6400     0.640    14       nan          nan          0.000e+00    stable (21)
  6600     0.660    14       nan          nan          0.000e+00    stable (22)
  6800     0.680    14       nan          nan          0.000e+00    stable (23)
  7000     0.700    14       nan          nan          0.000e+00    stable (24)
  7200     0.720    14       nan          nan          0.000e+00    stable (25)
  7400     0.740    14       nan          nan          0.000e+00    stable (26)
  7600     0.760    14       nan          nan          0.000e+00    stable (27)
  7800     0.780    14       nan          nan          0.000e+00    stable (28)
  8000     0.800    14       nan          nan          0.000e+00    stable (29)
  8200     0.820    14       nan          nan          0.000e+00    stable (30)
  8400     0.840    14       nan          nan          0.000e+00    stable (31)
  8600     0.860    14       nan          nan          0.000e+00    stable (32)
  8800     0.880    14       nan          nan          0.000e+00    stable (33)
  9000     0.900    14       nan          nan          0.000e+00    stable (34)
  9200     0.920    14       nan          nan          0.000e+00    stable (35)
  9400     0.940    14       nan          nan          0.000e+00    stable (36)
  9600     0.960    14       nan          nan          0.000e+00    stable (37)
  9800     0.980    14       nan          nan          0.000e+00    stable (38)
  10000    1.000    14       nan          nan          0.000e+00    stable (39)
  10200    1.020    14       nan          nan          0.000e+00    stable (40)
  10400    1.040    14       nan          nan          0.000e+00    stable (41)
  10600    1.060    14       nan          nan          0.000e+00    stable (42)
  10800    1.080    14       nan          nan          0.000e+00    stable (43)
  11000    1.100    14       nan          nan          0.000e+00    stable (44)
  11200    1.120    14       nan          nan          0.000e+00    stable (45)
  11400    1.140    14       nan          nan          0.000e+00    stable (46)
  11600    1.160    14       nan          nan          0.000e+00    stable (47)
  11800    1.180    14       nan          nan          0.000e+00    stable (48)
  12000    1.200    14       nan          nan          0.000e+00    stable (49)
  12200    1.220    14       nan          nan          0.000e+00    stable (50)
  12400    1.240    14       nan          nan          0.000e+00    stable (51)
  12600    1.260    14       nan          nan          0.000e+00    stable (52)
  12800    1.280    14       nan          nan          0.000e+00    stable (53)
  13000    1.300    14       nan          nan          0.000e+00    stable (54)
  13200    1.320    14       nan          nan          0.000e+00    stable (55)
  13400    1.340    14       nan          nan          0.000e+00    stable (56)
  13600    1.360    14       nan          nan          0.000e+00    stable (57)
  13800    1.380    14       nan          nan          0.000e+00    stable (58)
  14000    1.400    14       nan          nan          0.000e+00    stable (59)
  14200    1.420    14       nan          nan          0.000e+00    stable (60)
  14400    1.440    14       nan          nan          0.000e+00    stable (61)
  14600    1.460    14       nan          nan          0.000e+00    stable (62)
  14800    1.480    14       nan          nan          0.000e+00    stable (63)
  15000    1.500    14       nan          nan          0.000e+00    stable (64)
  15200    1.520    14       nan          nan          0.000e+00    stable (65)
  15400    1.540    14       nan          nan          0.000e+00    stable (66)
  15600    1.560    14       nan          nan          0.000e+00    stable (67)
  15800    1.580    14       nan          nan          0.000e+00    stable (68)
  16000    1.600    14       nan          nan          0.000e+00    stable (69)
  16200    1.620    14       nan          nan          0.000e+00    stable (70)
  16400    1.640    14       nan          nan          0.000e+00    stable (71)
  16600    1.660    14       nan          nan          0.000e+00    stable (72)
  16800    1.680    14       nan          nan          0.000e+00    stable (73)
  17000    1.700    14       nan          nan          0.000e+00    stable (74)
  17200    1.720    14       nan          nan          0.000e+00    stable (75)
  17400    1.740    14       nan          nan          0.000e+00    stable (76)
  17600    1.760    14       nan          nan          0.000e+00    stable (77)
  17800    1.780    14       nan          nan          0.000e+00    stable (78)
  18000    1.800    14       nan          nan          0.000e+00    stable (79)
  18200    1.820    14       nan          nan          0.000e+00    stable (80)
  18400    1.840    14       nan          nan          0.000e+00    stable (81)
  18600    1.860    14       nan          nan          0.000e+00    stable (82)
  18800    1.880    14       nan          nan          0.000e+00    stable (83)
  19000    1.900    14       nan          nan          0.000e+00    stable (84)
  19200    1.920    14       nan          nan          0.000e+00    stable (85)
  19400    1.940    14       nan          nan          0.000e+00    stable (86)
  19600    1.960    14       nan          nan          0.000e+00    stable (87)
  19800    1.980    14       nan          nan          0.000e+00    stable (88)
  20000    2.000    14       nan          nan          0.000e+00    stable (89)
  20200    2.020    14       nan          nan          0.000e+00    stable (90)
  20400    2.040    14       nan          nan          0.000e+00    stable (91)
  20600    2.060    14       nan          nan          0.000e+00    stable (92)
  20800    2.080    14       nan          nan          0.000e+00    stable (93)
  21000    2.100    14       nan          nan          0.000e+00    stable (94)
  21200    2.120    14       nan          nan          0.000e+00    stable (95)
  21400    2.140    14       nan          nan          0.000e+00    stable (96)
  21600    2.160    14       nan          nan          0.000e+00    stable (97)
  21800    2.180    14       nan          nan          0.000e+00    stable (98)
  22000    2.200    14       nan          nan          0.000e+00    stable (99)
  22200    2.220    14       nan          nan          0.000e+00    stable (100)
  22400    2.240    14       nan          nan          0.000e+00    stable (101)
  22600    2.260    14       nan          nan          0.000e+00    stable (102)
  22800    2.280    14       nan          nan          0.000e+00    stable (103)
  23000    2.300    14       nan          nan          0.000e+00    stable (104)
  23200    2.320    14       nan          nan          0.000e+00    stable (105)
  23400    2.340    14       nan          nan          0.000e+00    stable (106)
  23600    2.360    14       nan          nan          0.000e+00    stable (107)
  23800    2.380    14       nan          nan          0.000e+00    stable (108)
  24000    2.400    14       nan          nan          0.000e+00    stable (109)
  24200    2.420    14       nan          nan          0.000e+00    stable (110)
  24400    2.440    14       nan          nan          0.000e+00    stable (111)
  24600    2.460    14       nan          nan          0.000e+00    stable (112)
  24800    2.480    14       nan          nan          0.000e+00    stable (113)
  25000    2.500    14       nan          nan          0.000e+00    stable (114)
  25200    2.520    14       nan          nan          0.000e+00    stable (115)
  25400    2.540    14       nan          nan          0.000e+00    stable (116)
  25600    2.560    14       nan          nan          0.000e+00    stable (117)
  25800    2.580    14       nan          nan          0.000e+00    stable (118)
  26000    2.600    14       nan          nan          0.000e+00    stable (119)
  26200    2.620    14       nan          nan          0.000e+00    stable (120)
  26400    2.640    14       nan          nan          0.000e+00    stable (121)
  26600    2.660    14       nan          nan          0.000e+00    stable (122)
  26800    2.680    14       nan          nan          0.000e+00    stable (123)
  27000    2.700    14       nan          nan          0.000e+00    stable (124)
  27200    2.720    14       nan          nan          0.000e+00    stable (125)
  27400    2.740    14       nan          nan          0.000e+00    stable (126)
  27600    2.760    14       nan          nan          0.000e+00    stable (127)
  27800    2.780    14       nan          nan          0.000e+00    stable (128)
  28000    2.800    14       nan          nan          0.000e+00    stable (129)
  28200    2.820    14       nan          nan          0.000e+00    stable (130)
  28400    2.840    14       nan          nan          0.000e+00    stable (131)
  28600    2.860    14       nan          nan          0.000e+00    stable (132)
  28800    2.880    14       nan          nan          0.000e+00    stable (133)
  29000    2.900    14       nan          nan          0.000e+00    stable (134)
  29200    2.920    14       nan          nan          0.000e+00    stable (135)
  29400    2.940    14       nan          nan          0.000e+00    stable (136)
  29600    2.960    14       nan          nan          0.000e+00    stable (137)
  29800    2.980    14       nan          nan          0.000e+00    stable (138)
  30000    3.000    14       nan          nan          0.000e+00    stable (139)
  30200    3.020    14       nan          nan          0.000e+00    stable (140)
  30400    3.040    14       nan          nan          0.000e+00    stable (141)
  30600    3.060    14       nan          nan          0.000e+00    stable (142)
  30800    3.080    14       nan          nan          0.000e+00    stable (143)
  31000    3.100    14       nan          nan          0.000e+00    stable (144)
  31200    3.120    14       nan          nan          0.000e+00    stable (145)
  31400    3.140    14       nan          nan          0.000e+00    stable (146)
  31600    3.160    14       nan          nan          0.000e+00    stable (147)
  31800    3.180    14       nan     