################################################################
#  WORST-CASE GAMMA SEARCH                                     #
#                                                              #
#  For each N: sample diverse IC classes, measure gamma.       #
#  Report the MAXIMUM gamma found.                             #
#  If max gamma < 2 at all N: subcritical transfer.            #
################################################################

  N     IC_type          alpha  phase   t      gamma    max_eta   E_tot     Omega
  ----  ---------------  -----  -----  ------  -------  --------  --------  --------
  3     spectral_decay   0.0    0.3    0.0000  -999.000    0.0000  1.17e+01  7.12e+01
  3     spectral_decay   0.0    0.3    0.0100   +2.784    3.5988  1.17e+01  7.11e+01
  3     spectral_decay   0.0    0.3    0.0500   +2.844   18.9021  1.17e+01  7.06e+01
  3     spectral_decay   0.0    0.7    0.0000  -999.000    0.0000  1.12e+01  6.90e+01
  3     spectral_decay   0.0    0.7    0.0100   +1.904   11.0674  1.12e+01  6.89e+01
  3     spectral_decay   0.0    0.7    0.0500   +1.889   62.4009  1.11e+01  6.84e+01
  3     spectral_decay   0.0    1.1    0.0000  -999.000    0.0000  1.00e+01  6.47e+01
  3     spectral_decay   0.0    1.1    0.0100   +1.153    7.9970  1.00e+01  6.46e+01
  3     spectral_decay   0.0    1.1    0.0500   +1.138   45.0420  9.95e+00  6.39e+01
  3     spectral_decay   0.0    2.3    0.0000  -999.000    0.0000  1.00e+01  5.87e+01
  3     spectral_decay   0.0    2.3    0.0100   +1.893    4.2890  1.00e+01  5.87e+01
  3     spectral_decay   0.0    2.3    0.0500   +1.960   23.0664  9.96e+00  5.83e+01
  3     spectral_decay   0.0    3.7    0.0000  -999.000    0.0000  9.96e+00  6.57e+01
  3     spectral_decay   0.0    3.7    0.0100   +4.110    0.7252  9.94e+00  6.56e+01
  3     spectral_decay   0.0    3.7    0.0500   +4.710    3.6095  9.88e+00  6.52e+01
  3     spectral_decay   0.5    0.3    0.0000  -999.000    0.0000  5.17e+00  2.83e+01
  3     spectral_decay   0.5    0.3    0.0100   +3.082    0.9196  5.16e+00  2.83e+01
  3     spectral_decay   0.5    0.3    0.0500   +3.019    5.7135  5.13e+00  2.81e+01
  3     spectral_decay   0.5    0.7    0.0000  -999.000    0.0000  4.87e+00  2.72e+01
  3     spectral_decay   0.5    0.7    0.0100   +2.477    2.2733  4.87e+00  2.71e+01
  3     spectral_decay   0.5    0.7    0.0500   +2.474   13.1617  4.84e+00  2.70e+01
  3     spectral_decay   0.5    1.1    0.0000  -999.000    0.0000  4.33e+00  2.49e+01
  3     spectral_decay   0.5    1.1    0.0100   -0.861    0.7523  4.32e+00  2.49e+01
  3     spectral_decay   0.5    1.1    0.0500   -0.391    4.2779  4.30e+00  2.47e+01
  3     spectral_decay   0.5    2.3    0.0000  -999.000    0.0000  4.51e+00  2.37e+01
  3     spectral_decay   0.5    2.3    0.0100   +3.863    0.5394  4.50e+00  2.37e+01
  3     spectral_decay   0.5    2.3    0.0500   +4.051    3.1519  4.48e+00  2.36e+01
  3     spectral_decay   0.5    3.7    0.0000  -999.000    0.0000  4.17e+00  2.51e+01
  3     spectral_decay   0.5    3.7    0.0100   +2.235    1.8170  4.16e+00  2.51e+01
  3     spectral_decay   0.5    3.7    0.0500   +2.224   10.6171  4.14e+00  2.49e+01
  3     spectral_decay   1.0    0.3    0.0000  -999.000    0.0000  2.45e+00  1.17e+01
  3     spectral_decay   1.0    0.3    0.0100   +1.969    1.0235  2.44e+00  1.17e+01
  3     spectral_decay   1.0    0.3    0.0500   +1.955    6.1270  2.43e+00  1.17e+01
  3     spectral_decay   1.0    0.7    0.0000  -999.000    0.0000  2.29e+00  1.12e+01
  3     spectral_decay   1.0    0.7    0.0100   +3.258    0.4289  2.28e+00  1.12e+01
  3     spectral_decay   1.0    0.7    0.0500   +3.272    2.5204  2.27e+00  1.11e+01
  3     spectral_decay   1.0    1.1    0.0000  -999.000    0.0000  2.06e+00  1.00e+01
  3     spectral_decay   1.0    1.1    0.0100   +1.773    0.3086  2.06e+00  1.00e+01
  3     spectral_decay   1.0    1.1    0.0500   +1.763    1.8688  2.05e+00  9.96e+00
  3     spectral_decay   1.0    2.3    0.0000  -999.000    0.0000  2.19e+00  1.00e+01
  3     spectral_decay   1.0    2.3    0.0100   +2.980    0.5034  2.19e+00  1.00e+01
  3     spectral_decay   1.0    2.3    0.0500   +2.935    2.9650  2.18e+00  9.97e+00
  3     spectral_decay   1.0    3.7    0.0000  -999.000    0.0000  1.88e+00  9.96e+00
  3     spectral_decay   1.0    3.7    0.0100   +1.682    1.0772  1.87e+00  9.94e+00
  3     spectral_decay   1.0    3.7    0.0500   +1.672    6.4068  1.86e+00  9.89e+00
  3     spectral_decay   1.5    0.3    0.0000  -999.000    0.0000  1.26e+00  5.17e+00
  3     spectral_decay   1.5    0.3    0.0100   +1.418    0.6423  1.26e+00  5.16e+00
  3     spectral_decay   1.5    0.3    0.0500   +1.411    3.8337  1.26e+00  5.14e+00
  3     spectral_decay   1.5    0.7    0.0000  -999.000    0.0000  1.17e+00  4.87e+00
  3     spectral_decay   1.5    0.7    0.0100   +4.532    0.3729  1.17e+00  4.87e+00
  3     spectral_decay   1.5    0.7    0.0500   +4.455    2.2081  1.17e+00  4.85e+00
  3     spectral_decay   1.5    1.1    0.0000  -999.000    0.0000  1.11e+00  4.33e+00
  3     spectral_decay   1.5    1.1    0.0100   +0.833    0.3470  1.11e+00  4.32e+00
  3     spectral_decay   1.5    1.1    0.0500   +0.827    2.0785  1.11e+00  4.30e+00
  3     spectral_decay   1.5    2.3    0.0000  -999.000    0.0000  1.16e+00  4.51e+00
  3     spectral_decay   1.5    2.3    0.0100   +2.026    0.4562  1.16e+00  4.50e+00
  3     spectral_decay   1.5    2.3    0.0500   +2.010    2.7010  1.16e+00  4.48e+00
  3     spectral_decay   1.5    3.7    0.0000  -999.000    0.0000  9.29e-01  4.17e+00
  3     spectral_decay   1.5    3.7    0.0100   +1.247    0.5557  9.28e-01  4.16e+00
  3     spectral_decay   1.5    3.7    0.0500   +1.240    3.3147  9.24e-01  4.14e+00
  3     spectral_decay   2.0    0.3    0.0000  -999.000    0.0000  7.19e-01  2.45e+00
  3     spectral_decay   2.0    0.3    0.0100   +0.892    0.3678  7.19e-01  2.44e+00
  3     spectral_decay   2.0    0.3    0.0500   +0.886    2.1953  7.16e-01  2.43e+00
  3     spectral_decay   2.0    0.7    0.0000  -999.000    0.0000  6.71e-01  2.29e+00
  3     spectral_decay   2.0    0.7    0.0100   +2.623    0.3438  6.71e-01  2.28e+00
  3     spectral_decay   2.0    0.7    0.0500   +2.609    2.0442  6.69e-01  2.27e+00
  3     spectral_decay   2.0    1.1    0.0000  -999.000    0.0000  6.96e-01  2.06e+00
  3     spectral_decay   2.0    1.1    0.0100   +0.510    0.2591  6.96e-01  2.06e+00
  3     spectral_decay   2.0    1.1    0.0500   +0.509    1.5501  6.94e-01  2.05e+00
  3     spectral_decay   2.0    2.3    0.0000  -999.000    0.0000  6.86e-01  2.19e+00
  3     spectral_decay   2.0    2.3    0.0100   +1.270    0.4165  6.85e-01  2.19e+00
  3     spectral_decay   2.0    2.3    0.0500   +1.259    2.4740  6.83e-01  2.18e+00
  3     spectral_decay   2.0    3.7    0.0000  -999.000    0.0000  5.17e-01  1.88e+00
  3     spectral_decay   2.0    3.7    0.0100   +0.681    0.2913  5.17e-01  1.87e+00
  3     spectral_decay   2.0    3.7    0.0500   +0.669    1.7396  5.15e-01  1.86e+00
  3     spectral_decay   3.0    0.3    0.0000  -999.000    0.0000  3.13e-01  7.19e-01
  3     spectral_decay   3.0    0.3    0.0100   +0.357    0.2927  3.12e-01  7.19e-01
  3     spectral_decay   3.0    0.3    0.0500   +0.356    1.7503  3.12e-01  7.17e-01
  3     spectral_decay   3.0    0.7    0.0000  -999.000    0.0000  3.05e-01  6.71e-01
  3     spectral_decay   3.0    0.7    0.0100   +1.067    0.3505  3.05e-01  6.71e-01
  3     spectral_decay   3.0    0.7    0.0500   +1.059    2.0903  3.04e-01  6.69e-01
  3     spectral_decay   3.0    1.1    0.0000  -999.000    0.0000  3.99e-01  6.96e-01
  3     spectral_decay   3.0    1.1    0.0100   -0.165    0.2037  3.99e-01  6.96e-01
  3     spectral_decay   3.0    1.1    0.0500   -0.166    1.2214  3.98e-01  6.94e-01
  3     spectral_decay   3.0    2.3    0.0000  -999.000    0.0000  3.18e-01  6.86e-01
  3     spectral_decay   3.0    2.3    0.0100   +0.256    0.3806  3.18e-01  6.85e-01
  3     spectral_decay   3.0    2.3    0.0500   +0.252    2.2696  3.17e-01  6.83e-01
  3     spectral_decay   3.0    3.7    0.0000  -999.000    0.0000  2.29e-01  5.17e-01
  3     spectral_decay   3.0    3.7    0.0100   +0.344    0.1563  2.29e-01  5.17e-01
  3     spectral_decay   3.0    3.7    0.0500   +0.342    0.9359  2.29e-01  5.15e-01
  3     flat_spectrum    0.0    0.3    0.0000  -999.000    0.0000  1.31e-02  8.66e-02
  3     flat_spectrum    0.0    0.3    0.0100   +2.071    0.0073  1.31e-02  8.65e-02
  3     flat_spectrum    0.0    0.3    0.0500   +2.058    0.0435  1.30e-02  8.59e-02
  3     flat_spectrum    0.0    0.7    0.0000  -999.000    0.0000  1.02e-02  5.93e-02
  3     flat_spectrum    0.0    0.7    0.0100   +1.982    0.0074  1.02e-02  5.92e-02
  3     flat_spectrum    0.0    0.7    0.0500   +1.983    0.0442  1.01e-02  5.88e-02
  3     flat_spectrum    0.0    1.1    0.0000  -999.000    0.0000  1.15e-02  7.16e-02
  3     flat_spectrum    0.0    1.1    0.0100   +2.300    0.0107  1.15e-02  7.15e-02
  3     flat_spectrum    0.0    1.1    0.0500   +2.299    0.0635  1.14e-02  7.10e-02
  3     flat_spectrum    0.0    2.3    0.0000  -999.000    0.0000  1.20e-02  7.46e-02
  3     flat_spectrum    0.0    2.3    0.0100   +1.508    0.0048  1.20e-02  7.45e-02
  3     flat_spectrum    0.0    2.3    0.0500   +1.496    0.0285  1.19e-02  7.40e-02
  3     flat_spectrum    0.0    3.7    0.0000  -999.000    0.0000  1.29e-02  8.41e-02
  3     flat_spectrum    0.0    3.7    0.0100   +3.223    0.0063  1.28e-02  8.40e-02
  3     flat_spectrum    0.0    3.7    0.0500   +3.217    0.0377  1.28e-02  8.34e-02
  3     single_shell_1   0.0    0.5    0.0000  -999.000    0.0000  7.22e-01  1.31e+00
  3     single_shell_1   0.0    0.5    0.0100   -7.874  4999.9970  7.22e-01  1.31e+00
  3     single_shell_1   0.0    0.5    0.0500   -4.959  832.4666  7.21e-01  1.31e+00
  3     single_shell_2   0.0    0.5    0.0000  -999.000    0.0000  4.73e+00  2.32e+01
  3     single_shell_2   0.0    0.5    0.0100   +2.442  19993.5128  4.73e+00  2.32e+01
  3     single_shell_2   0.0    0.5    0.0500   +2.434  3329.4120  4.70e+00  2.31e+01
  3     single_shell_3   0.0    0.5    0.0000  -999.000    0.0000  4.53e+00  3.99e+01
  3     single_shell_3   0.0    0.5    0.0100   +2.395  19981.7602  4.52e+00  3.98e+01
  3     single_shell_3   0.0    0.5    0.0500   +2.393  3302.9887  4.49e+00  3.94e+01
  3     random_phase     0.95   rnd    0.0000  -999.000    0.0000  2.91e-01  1.44e+00
  3     random_phase     2.28   rnd    0.0000  -999.000    0.0000  6.28e-02  1.64e-01
  3     random_phase     0.61   rnd    0.0000  -999.000    0.0000  4.36e-01  2.27e+00
  3     random_phase     1.11   rnd    0.0000  -999.000    0.0000  1.91e-01  9.31e-01
  3     random_phase     0.98   rnd    0.0000  -999.000    0.0000  2.29e-01  1.09e+00

  >>> N=3: WORST gamma = +4.7104 (from: spectral a=0.0 p=3.7 t=0.05)
  >>> N=3: WORST eta   = 19993.512773
  >>> N=3: gamma < 2?  **NO** (margin = -2.7104)

  4     spectral_decay   0.0    0.3    0.0000  -999.000    0.0000  2.87e+01  2.87e+02
  4     spectral_decay   0.0    0.3    0.0100   +3.732    5.0598  2.86e+01  2.87e+02
  4     spectral_decay   0.0    0.3    0.0500   +3.170   25.2032  2.84e+01  2.82e+02
  4     spectral_decay   0.0    0.7    0.0000  -999.000    0.0000  2.83e+01  2.89e+02
  4     spectral_decay   0.0    0.7    0.0100   +2.152    6.3012  2.82e+01  2.88e+02
  4     spectral_decay   0.0    0.7    0.0500   +1.822   57.9705  2.80e+01  2.84e+02
  4     spectral_decay   0.0    1.1    0.0000  -999.000    0.0000  2.94e+01  3.00e+02
  4     spectral_decay   0.0    1.1    0.0100   +1.735   75.1527  2.93e+01  2.99e+02
  4     spectral_decay   0.0    1.1    0.0500   +1.599  338.5034  2.90e+01  2.97e+02
  4     spectral_decay   0.0    2.3    0.0000  -999.000    0.0000  2.79e+01  2.68e+02
  4     spectral_decay   0.0    2.3    0.0100   +0.508   74.8555  2.78e+01  2.67e+02
  4     spectral_decay   0.0    2.3    0.0500   +0.047  334.1706  2.76e+01  2.63e+02
  4     spectral_decay   0.0    3.7    0.0000  -999.000    0.0000  2.80e+01  2.86e+02
  4     spectral_decay   0.0    3.7    0.0100   +1.816    5.6714  2.80e+01  2.85e+02
  4     spectral_decay   0.0    3.7    0.0500   +2.759   20.1627  2.77e+01  2.80e+02
  4     spectral_decay   0.5    0.3    0.0000  -999.000    0.0000  9.85e+00  8.89e+01
  4     spectral_decay   0.5    0.3    0.0100   +1.739    8.5326  9.83e+00  8.87e+01
  4     spectral_decay   0.5    0.3    0.0500   +1.687   45.3695  9.74e+00  8.80e+01
  4     spectral_decay   0.5    0.7    0.0000  -999.000    0.0000  9.60e+00  8.86e+01
  4     spectral_decay   0.5    0.7    0.0100   +1.246    4.9384  9.58e+00  8.84e+01
  4     spectral_decay   0.5    0.7    0.0500   +1.245   25.5449  9.49e+00  8.76e+01
  4     spectral_decay   0.5    1.1    0.0000  -999.000    0.0000  9.90e+00  9.21e+01
  4     spectral_decay   0.5    1.1    0.0100   +1.379    9.7392  9.88e+00  9.19e+01
  4     spectral_decay   0.5    1.1    0.0500   +1.543   52.0811  9.79e+00  9.13e+01
  4     spectral_decay   0.5    2.3    0.0000  -999.000    0.0000  9.71e+00  8.47e+01
  4     spectral_decay   0.5    2.3    0.0100   +0.400   12.2308  9.69e+00  8.45e+01
  4     spectral_decay   0.5    2.3    0.0500   +0.675   65.6616  9.61e+00  8.37e+01
  4     spectral_decay   0.5    3.7    0.0000  -999.000    0.0000  9.60e+00  8.75e+01
  4     spectral_decay   0.5    3.7    0.0100   +1.154    8.6849  9.58e+00  8.73e+01
  4     spectral_decay   0.5    3.7    0.0500   +1.113   49.0660  9.49e+00  8.64e+01
  4     spectral_decay   1.0    0.3    0.0000  -999.000    0.0000  3.70e+00  2.87e+01
  4     spectral_decay   1.0    0.3    0.0100   +1.495    4.4782  3.70e+00  2.86e+01
  4     spectral_decay   1.0    0.3    0.0500   +1.483   25.9792  3.67e+00  2.85e+01
  4     spectral_decay   1.0    0.7    0.0000  -999.000    0.0000  3.58e+00  2.83e+01
  4     spectral_decay   1.0    0.7    0.0100   +1.128    2.8998  3.58e+00  2.82e+01
  4     spectral_decay   1.0    0.7    0.0500   +1.126   16.7762  3.55e+00  2.80e+01
  4     spectral_decay   1.0    1.1    0.0000  -999.000    0.0000  3.63e+00  2.94e+01
  4     spectral_decay   1.0    1.1    0.0100   +2.854    1.8517  3.62e+00  2.93e+01
  4     spectral_decay   1.0    1.1    0.0500   +2.908   10.8692  3.59e+00  2.91e+01
  4     spectral_decay   1.0    2.3    0.0000  -999.000    0.0000  3.67e+00  2.79e+01
  4     spectral_decay   1.0    2.3    0.0100   +1.686    1.5224  3.67e+00  2.78e+01
  4     spectral_decay   1.0    2.3    0.0500   +1.738    8.5383  3.64e+00  2.76e+01
  4     spectral_decay   1.0    3.7    0.0000  -999.000    0.0000  3.64e+00  2.80e+01
  4     spectral_decay   1.0    3.7    0.0100   +1.021    3.7758  3.63e+00  2.80e+01
  4     spectral_decay   1.0    3.7    0.0500   +1.016   22.1525  3.60e+00  2.77e+01
  4     spectral_decay   1.5    0.3    0.0000  -999.000    0.0000  1.58e+00  9.85e+00
  4     spectral_decay   1.5    0.3    0.0100   +1.210    2.0520  1.58e+00  9.83e+00
  4     spectral_decay   1.5    0.3    0.0500   +1.204   12.1318  1.57e+00  9.77e+00
  4     spectral_decay   1.5    0.7    0.0000  -999.000    0.0000  1.54e+00  9.60e+00
  4     spectral_decay   1.5    0.7    0.0100   +0.913    1.3606  1.54e+00  9.58e+00
  4     spectral_decay   1.5    0.7    0.0500   +0.911    8.0460  1.53e+00  9.51e+00
  4     spectral_decay   1.5    1.1    0.0000  -999.000    0.0000  1.49e+00  9.90e+00
  4     spectral_decay   1.5    1.1    0.0100   +2.929    0.8985  1.49e+00  9.88e+00
  4     spectral_decay   1.5    1.1    0.0500   +2.889    5.3125  1.48e+00  9.82e+00
  4     spectral_decay   1.5    2.3    0.0000  -999.000    0.0000  1.56e+00  9.71e+00
  4     spectral_decay   1.5    2.3    0.0100   +2.442    0.6085  1.56e+00  9.69e+00
  4     spectral_decay   1.5    2.3    0.0500   +2.412    3.5975  1.55e+00  9.62e+00
  4     spectral_decay   1.5    3.7    0.0000  -999.000    0.0000  1.59e+00  9.60e+00
  4     spectral_decay   1.5    3.7    0.0100   +0.856    1.4883  1.59e+00  9.58e+00
  4     spectral_decay   1.5    3.7    0.0500   +0.853    8.8226  1.58e+00  9.51e+00
  4     spectral_decay   2.0    0.3    0.0000  -999.000    0.0000  7.90e-01  3.70e+00
  4     spectral_decay   2.0    0.3    0.0100   +0.894    0.9596  7.90e-01  3.70e+00
  4     spectral_decay   2.0    0.3    0.0500   +0.890    5.7078  7.86e-01  3.68e+00
  4     spectral_decay   2.0    0.7    0.0000  -999.000    0.0000  7.95e-01  3.58e+00
  4     spectral_decay   2.0    0.7    0.0100   +0.718    0.6558  7.94e-01  3.58e+00
  4     spectral_decay   2.0    0.7    0.0500   +0.718    3.9037  7.91e-01  3.55e+00
  4     spectral_decay   2.0    1.1    0.0000  -999.000    0.0000  7.20e-01  3.63e+00
  4     spectral_decay   2.0    1.1    0.0100   +1.976    0.4405  7.19e-01  3.62e+00
  4     spectral_decay   2.0    1.1    0.0500   +1.967    2.6137  7.16e-01  3.60e+00
  4     spectral_decay   2.0    2.3    0.0000  -999.000    0.0000  7.71e-01  3.67e+00
  4     spectral_decay   2.0    2.3    0.0100   +1.267    0.3450  7.70e-01  3.67e+00
  4     spectral_decay   2.0    2.3    0.0500   +1.264    2.0645  7.67e-01  3.64e+00
  4     spectral_decay   2.0    3.7    0.0000  -999.000    0.0000  8.33e-01  3.64e+00
  4     spectral_decay   2.0    3.7    0.0100   +0.674    0.6186  8.32e-01  3.63e+00
  4     spectral_decay   2.0    3.7    0.0500   +0.672    3.6820  8.29e-01  3.61e+00
  4     spectral_decay   3.0    0.3    0.0000  -999.000    0.0000  3.25e-01  7.90e-01
  4     spectral_decay   3.0    0.3    0.0100   +0.190    0.3986  3.25e-01  7.90e-01
  4     spectral_decay   3.0    0.3    0.0500   +0.185    2.3724  3.24e-01  7.87e-01
  4     spectral_decay   3.0    0.7    0.0000  -999.000    0.0000  3.61e-01  7.95e-01
  4     spectral_decay   3.0    0.7    0.0100   -0.230    0.1992  3.61e-01  7.94e-01
  4     spectral_decay   3.0    0.7    0.0500   -0.234    1.1904  3.61e-01  7.91e-01
  4     spectral_decay   3.0    1.1    0.0000  -999.000    0.0000  2.79e-01  7.20e-01
  4     spectral_decay   3.0    1.1    0.0100   +0.843    0.2695  2.79e-01  7.19e-01
  4     spectral_decay   3.0    1.1    0.0500   +0.839    1.6074  2.78e-01  7.16e-01
  4     spectral_decay   3.0    2.3    0.0000  -999.000    0.0000  3.06e-01  7.71e-01
  4     spectral_decay   3.0    2.3    0.0100   +0.383    0.2530  3.06e-01  7.70e-01
  4     spectral_decay   3.0    2.3    0.0500   +0.385    1.5088  3.05e-01  7.67e-01
  4     spectral_decay   3.0    3.7    0.0000  -999.000    0.0000  3.78e-01  8.33e-01
  4     spectral_decay   3.0    3.7    0.0100   +0.025    0.2201  3.78e-01  8.32e-01
  4     spectral_decay   3.0    3.7    0.0500   +0.020    1.3174  3.77e-01  8.29e-01
  4     flat_spectrum    0.0    0.3    0.0000  -999.000    0.0000  3.21e-02  3.23e-01
  4     flat_spectrum    0.0    0.3    0.0100   +1.397    0.1751  3.20e-02  3.22e-01
  4     flat_spectrum    0.0    0.3    0.0500   +1.400    1.0369  3.17e-02  3.19e-01
  4     flat_spectrum    0.0    0.7    0.0000  -999.000    0.0000  2.84e-02  2.90e-01
  4     flat_spectrum    0.0    0.7    0.0100   +1.446    0.0631  2.83e-02  2.90e-01
  4     flat_spectrum    0.0    0.7    0.0500   +1.442    0.3732  2.80e-02  2.87e-01
  4     flat_spectrum    0.0    1.1    0.0000  -999.000    0.0000  3.47e-02  3.43e-01
  4     flat_spectrum    0.0    1.1    0.0100   +1.229    0.0940  3.46e-02  3.42e-01
  4     flat_spectrum    0.0    1.1    0.0500   +1.233    0.5568  3.43e-02  3.38e-01
  4     flat_spectrum    0.0    2.3    0.0000  -999.000    0.0000  3.56e-02  3.59e-01
  4     flat_spectrum    0.0    2.3    0.0100   +2.310    0.0984  3.56e-02  3.58e-01
  4     flat_spectrum    0.0    2.3    0.0500   +2.313    0.5807  3.52e-02  3.54e-01
  4     flat_spectrum    0.0    3.7    0.0000  -999.000    0.0000  3.11e-02  3.25e-01
  4     flat_spectrum    0.0    3.7    0.0100   +2.047    0.0626  3.10e-02  3.24e-01
  4     flat_spectrum    0.0    3.7    0.0500   +2.046    0.3703  3.07e-02  3.21e-01
  4     single_shell_1   0.0    0.5    0.0000  -999.000    0.0000  1.05e+00  1.94e+00
  4     single_shell_1   0.0    0.5    0.0100   -8.142  4999.8713  1.05e+00  1.94e+00
  4     single_shell_1   0.0    0.5    0.0500   -5.172  831.1881  1.05e+00  1.94e+00
  4     single_shell_2   0.0    0.5    0.0000  -999.000    0.0000  5.39e+00  2.85e+01
  4     single_shell_2   0.0    0.5    0.0100   +2.700  20002.0558  5.38e+00  2.85e+01
  4     single_shell_2   0.0    0.5    0.0500   +2.651  3379.5557  5.35e+00  2.87e+01
  4     single_shell_3   0.0    0.5    0.0000  -999.000    0.0000  1.33e+01  1.34e+02
  4     single_shell_3   0.0    0.5    0.0100   +3.592  19984.8111  1.33e+01  1.34e+02
  4     single_shell_3   0.0    0.5    0.0500   +3.550  3322.3465  1.32e+01  1.33e+02
  4     single_shell_4   0.0    0.5    0.0000  -999.000    0.0000  1.00e+01  1.39e+02
  4     single_shell_4   0.0    0.5    0.0100   +2.781  19961.8831  1.00e+01  1.39e+02
  4     single_shell_4   0.0    0.5    0.0500   +2.779  3234.9246  9.86e+00  1.36e+02
  4     random_phase     1.27   rnd    0.0000  -999.000    0.0000  2.57e-01  1.92e+00
  4     random_phase     2.01   rnd    0.0000  -999.000    0.0000  9.60e-02  4.00e-01
  4     random_phase     2.10   rnd    0.0000  -999.000    0.0000  7.87e-02  3.23e-01
  4     random_phase     0.80   rnd    0.0000  -999.000    0.0000  6.02e-01  5.24e+00
  4     random_phase     1.38   rnd    0.0000  -999.000    0.0000  2.17e-01  1.40e+00

  >>> N=4: WORST gamma = +3.7324 (from: spectral a=0.0 p=0.3 t=0.01)
  >>> N=4: WORST eta   = 20002.055838
  >>> N=4: gamma < 2?  **NO** (margin = -1.7324)

  5     spectral_decay   0.0    0.3    0.0000  -999.000    0.0000  6.71e+01  1.05e+03
  5     spectral_decay   0.0    0.3    0.0100   +2.089  529.5455  6.69e+01  1.05e+03
  5     spectral_decay   0.0    0.3    0.0500   +2.411  830.9164  6.59e+01  1.04e+03
  5     spectral_decay   0.0    0.7    0.0000  -999.000    0.0000  7.48e+01  1.18e+03
  5     spectral_decay   0.0    0.7    0.0100   +1.209  132.6305  7.46e+01  1.18e+03
  5     spectral_decay   0.0    0.7    0.0500   +1.774  512.0086  7.35e+01  1.17e+03
  5     spectral_decay   0.0    1.1    0.0000  -999.000    0.0000  7.10e+01  1.11e+03
  5     spectral_decay   0.0    1.1    0.0100   +0.870  111.2880  7.08e+01  1.11e+03
  5     spectral_decay   0.0    1.1    0.0500   +1.952  245.7611  6.98e+01  1.09e+03
  5     spectral_decay   0.0    2.3    0.0000  -999.000    0.0000  6.80e+01  1.06e+03
  5     spectral_decay   0.0    2.3    0.0100   -0.133  237.6169  6.78e+01  1.05e+03
  5     spectral_decay   0.0    2.3    0.0500   +1.303  604.8809  6.68e+01  1.04e+03
  5     spectral_decay   0.0    3.7    0.0000  -999.000    0.0000  6.48e+01  1.00e+03
  5     spectral_decay   0.0    3.7    0.0100   +2.674   65.0353  6.46e+01  9.97e+02
  5     spectral_decay   0.0    3.7    0.0500   +2.357  168.2558  6.37e+01  9.94e+02
  5     spectral_decay   0.5    0.3    0.0000  -999.000    0.0000  1.84e+01  2.60e+02
  5     spectral_decay   0.5    0.3    0.0100   +2.282   63.2972  1.83e+01  2.60e+02
  5     spectral_decay   0.5    0.3    0.0500   +2.340  262.5815  1.81e+01  2.57e+02
  5     spectral_decay   0.5    0.7    0.0000  -999.000    0.0000  2.04e+01  2.92e+02
  5     spectral_decay   0.5    0.7    0.0100   +3.531   19.1276  2.03e+01  2.91e+02
  5     spectral_decay   0.5    0.7    0.0500   +2.483   92.3685  2.00e+01  2.91e+02
  5     spectral_decay   0.5    1.1    0.0000  -999.000    0.0000  1.95e+01  2.75e+02
  5     spectral_decay   0.5    1.1    0.0100   +3.130    3.5089  1.95e+01  2.75e+02
  5     spectral_decay   0.5    1.1    0.0500   +2.632   22.6144  1.92e+01  2.72e+02
  5     spectral_decay   0.5    2.3    0.0000  -999.000    0.0000  1.88e+01  2.63e+02
  5     spectral_decay   0.5    2.3    0.0100   +1.743   18.2876  1.87e+01  2.62e+02
  5     spectral_decay   0.5    2.3    0.0500   +1.743   86.1824  1.85e+01  2.59e+02
  5     spectral_decay   0.5    3.7    0.0000  -999.000    0.0000  1.80e+01  2.49e+02
  5     spectral_decay   0.5    3.7    0.0100   +2.071   27.3712  1.79e+01  2.48e+02
  5     spectral_decay   0.5    3.7    0.0500   +2.075  137.6138  1.77e+01  2.48e+02
  5     spectral_decay   1.0    0.3    0.0000  -999.000    0.0000  5.54e+00  6.71e+01
  5     spectral_decay   1.0    0.3    0.0100   +1.598    8.1570  5.52e+00  6.69e+01
  5     spectral_decay   1.0    0.3    0.0500   +1.632   43.5134  5.46e+00  6.62e+01
  5     spectral_decay   1.0    0.7    0.0000  -999.000    0.0000  6.14e+00  7.48e+01
  5     spectral_decay   1.0    0.7    0.0100   +1.766    6.4581  6.13e+00  7.46e+01
  5     spectral_decay   1.0    0.7    0.0500   +1.793   36.2538  6.05e+00  7.42e+01
  5     spectral_decay   1.0    1.1    0.0000  -999.000    0.0000  5.96e+00  7.10e+01
  5     spectral_decay   1.0    1.1    0.0100   +1.880    2.9723  5.95e+00  7.08e+01
  5     spectral_decay   1.0    1.1    0.0500   +1.890   17.7530  5.88e+00  7.01e+01
  5     spectral_decay   1.0    2.3    0.0000  -999.000    0.0000  5.74e+00  6.80e+01
  5     spectral_decay   1.0    2.3    0.0100   +2.671    2.7043  5.73e+00  6.78e+01
  5     spectral_decay   1.0    2.3    0.0500   +2.841   15.7302  5.66e+00  6.71e+01
  5     spectral_decay   1.0    3.7    0.0000  -999.000    0.0000  5.50e+00  6.48e+01
  5     spectral_decay   1.0    3.7    0.0100   +1.668    7.2497  5.49e+00  6.46e+01
  5     spectral_decay   1.0    3.7    0.0500   +1.666   41.8551  5.42e+00  6.41e+01
  5     spectral_decay   1.5    0.3    0.0000  -999.000    0.0000  1.95e+00  1.84e+01
  5     spectral_decay   1.5    0.3    0.0100   +1.604    1.1285  1.94e+00  1.83e+01
  5     spectral_decay   1.5    0.3    0.0500   +1.620    6.4129  1.93e+00  1.81e+01
  5     spectral_decay   1.5    0.7    0.0000  -999.000    0.0000  2.18e+00  2.04e+01
  5     spectral_decay   1.5    0.7    0.0100   +1.251    2.1733  2.18e+00  2.03e+01
  5     spectral_decay   1.5    0.7    0.0500   +1.279   12.6277  2.16e+00  2.02e+01
  5     spectral_decay   1.5    1.1    0.0000  -999.000    0.0000  2.14e+00  1.95e+01
  5     spectral_decay   1.5    1.1    0.0100   +1.430    1.0400  2.13e+00  1.95e+01
  5     spectral_decay   1.5    1.1    0.0500   +1.440    6.1632  2.11e+00  1.93e+01
  5     spectral_decay   1.5    2.3    0.0000  -999.000    0.0000  2.06e+00  1.88e+01
  5     spectral_decay   1.5    2.3    0.0100   +1.910    1.0456  2.06e+00  1.87e+01
  5     spectral_decay   1.5    2.3    0.0500   +1.900    6.1506  2.04e+00  1.85e+01
  5     spectral_decay   1.5    3.7    0.0000  -999.000    0.0000  1.96e+00  1.80e+01
  5     spectral_decay   1.5    3.7    0.0100   +1.159    1.9947  1.95e+00  1.79e+01
  5     spectral_decay   1.5    3.7    0.0500   +1.175   11.7613  1.94e+00  1.78e+01
  5     spectral_decay   2.0    0.3    0.0000  -999.000    0.0000  8.53e-01  5.54e+00
  5     spectral_decay   2.0    0.3    0.0100   +1.827    0.4494  8.51e-01  5.52e+00
  5     spectral_decay   2.0    0.3    0.0500   +1.839    2.6686  8.46e-01  5.47e+00
  5     spectral_decay   2.0    0.7    0.0000  -999.000    0.0000  9.84e-01  6.14e+00
  5     spectral_decay   2.0    0.7    0.0100   +0.697    0.7538  9.83e-01  6.13e+00
  5     spectral_decay   2.0    0.7    0.0500   +0.729    4.4283  9.77e-01  6.07e+00
  5     spectral_decay   2.0    1.1    0.0000  -999.000    0.0000  9.57e-01  5.96e+00
  5     spectral_decay   2.0    1.1    0.0100   +1.205    0.4448  9.56e-01  5.95e+00
  5     spectral_decay   2.0    1.1    0.0500   +1.199    2.6257  9.50e-01  5.89e+00
  5     spectral_decay   2.0    2.3    0.0000  -999.000    0.0000  9.40e-01  5.74e+00
  5     spectral_decay   2.0    2.3    0.0100   +1.076    0.3810  9.38e-01  5.73e+00
  5     spectral_decay   2.0    2.3    0.0500   +1.082    2.2465  9.33e-01  5.67e+00
  5     spectral_decay   2.0    3.7    0.0000  -999.000    0.0000  8.57e-01  5.50e+00
  5     spectral_decay   2.0    3.7    0.0100   +0.886    0.6650  8.56e-01  5.49e+00
  5     spectral_decay   2.0    3.7    0.0500   +0.882    3.9463  8.51e-01  5.44e+00
  5     spectral_decay   3.0    0.3    0.0000  -999.000    0.0000  3.27e-01  8.53e-01
  5     spectral_decay   3.0    0.3    0.0100   +2.121    0.2844  3.27e-01  8.51e-01
  5     spectral_decay   3.0    0.3    0.0500   +2.102    1.6709  3.26e-01  8.47e-01
  5     spectral_decay   3.0    0.7    0.0000  -999.000    0.0000  4.18e-01  9.84e-01
  5     spectral_decay   3.0    0.7    0.0100   -0.221    0.2068  4.18e-01  9.83e-01
  5     spectral_decay   3.0    0.7    0.0500   -0.153    1.2287  4.17e-01  9.78e-01
  5     spectral_decay   3.0    1.1    0.0000  -999.000    0.0000  3.82e-01  9.57e-01
  5     spectral_decay   3.0    1.1    0.0100   +0.353    0.2125  3.82e-01  9.56e-01
  5     spectral_decay   3.0    1.1    0.0500   +0.350    1.2648  3.81e-01  9.51e-01
  5     spectral_decay   3.0    2.3    0.0000  -999.000    0.0000  4.12e-01  9.40e-01
  5     spectral_decay   3.0    2.3    0.0100   -0.185    0.2622  4.12e-01  9.38e-01
  5     spectral_decay   3.0    2.3    0.0500   -0.187    1.5588  4.11e-01  9.33e-01
  5     spectral_decay   3.0    3.7    0.0000  -999.000    0.0000  3.20e-01  8.57e-01
  5     spectral_decay   3.0    3.7    0.0100   +0.796    0.1914  3.20e-01  8.56e-01
  5     spectral_decay   3.0    3.7    0.0500   +0.669    1.1220  3.19e-01  8.52e-01
  5     flat_spectrum    0.0    0.3    0.0000  -999.000    0.0000  8.22e-02  1.31e+00
  5     flat_spectrum    0.0    0.3    0.0100   +1.647    0.9397  8.19e-02  1.30e+00
  5     flat_spectrum    0.0    0.3    0.0500   +1.642    5.4751  8.06e-02  1.28e+00
  5     flat_spectrum    0.0    0.7    0.0000  -999.000    0.0000  8.41e-02  1.28e+00
  5     flat_spectrum    0.0    0.7    0.0100   +2.436    0.1113  8.39e-02  1.27e+00
  5     flat_spectrum    0.0    0.7    0.0500   +2.414    0.6682  8.26e-02  1.25e+00
  5     flat_spectrum    0.0    1.1    0.0000  -999.000    0.0000  6.46e-02  1.07e+00
  5     flat_spectrum    0.0    1.1    0.0100   +2.670    0.2781  6.44e-02  1.06e+00
  5     flat_spectrum    0.0    1.1    0.0500   +2.661    1.6241  6.34e-02  1.04e+00
  5     flat_spectrum    0.0    2.3    0.0000  -999.000    0.0000  6.91e-02  1.11e+00
  5     flat_spectrum    0.0    2.3    0.0100   +0.931    0.3920  6.89e-02  1.11e+00
  5     flat_spectrum    0.0    2.3    0.0500   +0.872    2.2925  6.78e-02  1.09e+00
  5     flat_spectrum    0.0    3.7    0.0000  -999.000    0.0000  8.43e-02  1.32e+00
  5     flat_spectrum    0.0    3.7    0.0100   +1.433    0.2478  8.40e-02  1.32e+00
  5     flat_spectrum    0.0    3.7    0.0500   +1.464    1.4364  8.27e-02  1.29e+00
  5     single_shell_1   0.0    0.5    0.0000  -999.000    0.0000  9.89e-01  1.86e+00
  5     single_shell_1   0.0    0.5    0.0100  -11.901  4999.8198  9.89e-01  1.86e+00
  5     single_shell_1   0.0    0.5    0.0500   -7.715  830.4811  9.87e-01  1.87e+00
  5     single_shell_2   0.0    0.5    0.0000  -999.000    0.0000  5.06e+00  2.61e+01
  5     single_shell_2   0.0    0.5    0.0100   +0.258  19985.1925  5.06e+00  2.61e+01
  5     single_shell_2   0.0    0.5    0.0500   +0.443  3285.0991  5.03e+00  2.66e+01
  5     single_shell_3   0.0    0.5    0.0000  -999.000    0.0000  1.12e+01  1.14e+02
  5     single_shell_3   0.0    0.5    0.0100   +3.233  19968.5889  1.12e+01  1.14e+02
  5     single_shell_3   0.0    0.5    0.0500   +3.186  3242.9639  1.11e+01  1.17e+02
  5     single_shell_4   0.0    0.5    0.0000  -999.000    0.0000  3.57e+01  5.91e+02
  5     single_shell_4   0.0    0.5    0.0100   +3.009  19922.1975  3.56e+01  5.89e+02
  5     single_shell_4   0.0    0.5    0.0500   +3.013  3095.8951  3.50e+01  5.68e+02
  5     single_shell_5   0.0    0.5    0.0000  -999.000    0.0000  1.70e+01  3.73e+02
  5     single_shell_5   0.0    0.5    0.0100   +3.483  19911.0484  1.69e+01  3.72e+02
  5     single_shell_5   0.0    0.5    0.0500   +3.496  3028.4478  1.66e+01  3.56e+02
  5     random_phase     1.97   rnd    0.0000  -999.000    0.0000  9.60e-02  6.61e-01
  5     random_phase     2.26   rnd    0.0000  -999.000    0.0000  7.64e-02  4.04e-01
  5     random_phase     1.67   rnd    0.0000  -999.000    0.0000  1.83e-01  1.34e+00
  5     random_phase     1.23   rnd    0.0000  -999.000    0.0000  3.52e-01  3.85e+00
  5     random_phase     1.92   rnd    0.0000  -999.000    0.0000  1.21e-01  8.08e-01

  >>> N=5: WORST gamma = +3.5309 (from: spectral a=0.5 p=0.7 t=0.01)
  >>> N=5: WORST eta   = 19985.192545
  >>> N=5: gamma < 2?  **NO** (margin = -1.5309)

  6     spectral_decay   0.0    0.3    0.0000  -999.000    0.0000  1.60e+02  3.84e+03
  6     spectral_decay   0.0    0.3    0.0100   +1.857  763.6141  1.59e+02  3.81e+03
  6     spectral_decay   0.0    0.3    0.0500   +2.605  614.6528  1.56e+02  3.55e+03
  6     spectral_decay   0.0    0.7    0.0000  -999.000    0.0000  1.57e+02  3.77e+03
  6     spectral_decay   0.0    0.7    0.0100   +3.334  139.8280  1.56e+02  3.74e+03
  6     spectral_decay   0.0    0.7    0.0500   +2.580  126.2448  1.53e+02  3.51e+03
  6     spectral_decay   0.0    1.1    0.0000  -999.000    0.0000  1.49e+02  3.48e+03
  6     spectral_decay   0.0    1.1    0.0100   +2.801  217.0132  1.48e+02  3.46e+03
  6     spectral_decay   0.0    1.1    0.0500   +1.239  1029.4498  1.45e+02  3.31e+03
  6     spectral_decay   0.0    2.3    0.0000  -999.000    0.0000  1.56e+02  3.70e+03
  6     spectral_decay   0.0    2.3    0.0100   +2.277  498.0583  1.56e+02  3.68e+03
  6     spectral_decay   0.0    2.3    0.0500   +2.847  287.7843  1.52e+02  3.56e+03
  6     spectral_decay   0.0    3.7    0.0000  -999.000    0.0000  1.58e+02  3.81e+03
  6     spectral_decay   0.0    3.7    0.0100   +2.120  707.2842  1.58e+02  3.78e+03
  6     spectral_decay   0.0    3.7    0.0500   +2.459  530.1158  1.54e+02  3.52e+03
  6     spectral_decay   0.5    0.3    0.0000  -999.000    0.0000  3.57e+01  7.66e+02
  6     spectral_decay   0.5    0.3    0.0100   +2.159   58.9100  3.55e+01  7.62e+02
  6     spectral_decay   0.5    0.3    0.0500   +3.037  147.2611  3.48e+01  7.40e+02
  6     spectral_decay   0.5    0.7    0.0000  -999.000    0.0000  3.49e+01  7.53e+02
  6     spectral_decay   0.5    0.7    0.0100   +2.408   26.4017  3.48e+01  7.49e+02
  6     spectral_decay   0.5    0.7    0.0500   +2.249  216.3234  3.40e+01  7.30e+02
  6     spectral_decay   0.5    1.1    0.0000  -999.000    0.0000  3.34e+01  7.05e+02
  6     spectral_decay   0.5    1.1    0.0100   +1.889   38.5376  3.33e+01  7.02e+02
  6     spectral_decay   0.5    1.1    0.0500   +2.102  122.1144  3.26e+01  6.93e+02
  6     spectral_decay   0.5    2.3    0.0000  -999.000    0.0000  3.48e+01  7.46e+02
  6     spectral_decay   0.5    2.3    0.0100   +2.730   31.2939  3.46e+01  7.43e+02
  6     spectral_decay   0.5    2.3    0.0500   +3.673   54.6074  3.39e+01  7.33e+02
  6     spectral_decay   0.5    3.7    0.0000  -999.000    0.0000  3.49e+01  7.62e+02
  6     spectral_decay   0.5    3.7    0.0100   +0.843   52.7967  3.48e+01  7.58e+02
  6     spectral_decay   0.5    3.7    0.0500   +2.301  124.6589  3.40e+01  7.35e+02
  6     spectral_decay   1.0    0.3    0.0000  -999.000    0.0000  8.86e+00  1.60e+02
  6     spectral_decay   1.0    0.3    0.0100   +1.825    2.5933  8.83e+00  1.59e+02
  6     spectral_decay   1.0    0.3    0.0500   +2.436   15.8123  8.67e+00  1.56e+02
  6     spectral_decay   1.0    0.7    0.0000  -999.000    0.0000  8.75e+00  1.57e+02
  6     spectral_decay   1.0    0.7    0.0100   +1.327    9.5894  8.72e+00  1.56e+02
  6     spectral_decay   1.0    0.7    0.0500   +1.420   58.0406  8.57e+00  1.53e+02
  6     spectral_decay   1.0    1.1    0.0000  -999.000    0.0000  8.31e+00  1.49e+02
  6     spectral_decay   1.0    1.1    0.0100   +1.992   10.1926  8.28e+00  1.48e+02
  6     spectral_decay   1.0    1.1    0.0500   +2.161   56.1691  8.13e+00  1.46e+02
  6     spectral_decay   1.0    2.3    0.0000  -999.000    0.0000  8.57e+00  1.56e+02
  6     spectral_decay   1.0    2.3    0.0100   +3.706    4.6352  8.54e+00  1.56e+02
  6     spectral_decay   1.0    2.3    0.0500   +2.579   23.3989  8.39e+00  1.53e+02
  6     spectral_decay   1.0    3.7    0.0000  -999.000    0.0000  8.53e+00  1.58e+02
  6     spectral_decay   1.0    3.7    0.0100   +2.024    3.2796  8.50e+00  1.58e+02
  6     spectral_decay   1.0    3.7    0.0500   +2.338   18.6688  8.34e+00  1.55e+02
  6     spectral_decay   1.5    0.3    0.0000  -999.000    0.0000  2.62e+00  3.57e+01
  6     spectral_decay   1.5    0.3    0.0100   +1.066    1.1331  2.61e+00  3.55e+01
  6     spectral_decay   1.5    0.3    0.0500   +1.081    6.6869  2.57e+00  3.49e+01
  6     spectral_decay   1.5    0.7    0.0000  -999.000    0.0000  2.70e+00  3.49e+01
  6     spectral_decay   1.5    0.7    0.0100   +0.970    2.4978  2.70e+00  3.48e+01
  6     spectral_decay   1.5    0.7    0.0500   +0.940   14.7838  2.66e+00  3.42e+01
  6     spectral_decay   1.5    1.1    0.0000  -999.000    0.0000  2.46e+00  3.34e+01
  6     spectral_decay   1.5    1.1    0.0100   +1.439    2.3861  2.45e+00  3.33e+01
  6     spectral_decay   1.5    1.1    0.0500   +1.447   13.9210  2.42e+00  3.28e+01
  6     spectral_decay   1.5    2.3    0.0000  -999.000    0.0000  2.55e+00  3.48e+01
  6     spectral_decay   1.5    2.3    0.0100   +1.156    1.7123  2.54e+00  3.46e+01
  6     spectral_decay   1.5    2.3    0.0500   +0.994    9.6792  2.50e+00  3.41e+01
  6     spectral_decay   1.5    3.7    0.0000  -999.000    0.0000  2.49e+00  3.49e+01
  6     spectral_decay   1.5    3.7    0.0100   +1.350    1.2831  2.49e+00  3.48e+01
  6     spectral_decay   1.5    3.7    0.0500   +1.371    7.4754  2.45e+00  3.42e+01
  6     spectral_decay   2.0    0.3    0.0000  -999.000    0.0000  9.89e-01  8.86e+00
  6     spectral_decay   2.0    0.3    0.0100   +0.640    0.6555  9.88e-01  8.83e+00
  6     spectral_decay   2.0    0.3    0.0500   +0.655    3.9187  9.79e-01  8.69e+00
  6     spectral_decay   2.0    0.7    0.0000  -999.000    0.0000  1.14e+00  8.75e+00
  6     spectral_decay   2.0    0.7    0.0100   +0.849    0.6799  1.14e+00  8.72e+00
  6     spectral_decay   2.0    0.7    0.0500   +0.844    4.0342  1.13e+00  8.60e+00
  6     spectral_decay   2.0    1.1    0.0000  -999.000    0.0000  9.50e-01  8.31e+00
  6     spectral_decay   2.0    1.1    0.0100   +0.823    0.7074  9.48e-01  8.28e+00
  6     spectral_decay   2.0    1.1    0.0500   +0.835    4.1903  9.40e-01  8.16e+00
  6     spectral_decay   2.0    2.3    0.0000  -999.000    0.0000  1.01e+00  8.57e+00
  6     spectral_decay   2.0    2.3    0.0100   +0.826    0.5476  1.01e+00  8.54e+00
  6     spectral_decay   2.0    2.3    0.0500   +0.759    3.2071  1.00e+00  8.41e+00
  6     spectral_decay   2.0    3.7    0.0000  -999.000    0.0000  9.71e-01  8.53e+00
  6     spectral_decay   2.0    3.7    0.0100   +1.051    0.4124  9.69e-01  8.50e+00
  6     spectral_decay   2.0    3.7    0.0500   +1.041    2.4143  9.61e-01  8.36e+00
  6     spectral_decay   3.0    0.3    0.0000  -999.000    0.0000  3.15e-01  9.89e-01
  6     spectral_decay   3.0    0.3    0.0100   -0.329    0.2229  3.15e-01  9.88e-01
  6     spectral_decay   3.0    0.3    0.0500   -0.337    1.3320  3.14e-01  9.80e-01
  6     spectral_decay   3.0    0.7    0.0000  -999.000    0.0000  4.83e-01  1.14e+00
  6     spectral_decay   3.0    0.7    0.0100   +0.286    0.4016  4.83e-01  1.14e+00
  6     spectral_decay   3.0    0.7    0.0500   +0.283    2.3239  4.82e-01  1.13e+00
  6     spectral_decay   3.0    1.1    0.0000  -999.000    0.0000  3.35e-01  9.50e-01
  6     spectral_decay   3.0    1.1    0.0100   -0.883    0.2119  3.35e-01  9.48e-01
  6     spectral_decay   3.0    1.1    0.0500   -0.882    1.2527  3.34e-01  9.41e-01
  6     spectral_decay   3.0    2.3    0.0000  -999.000    0.0000  3.92e-01  1.01e+00
  6     spectral_decay   3.0    2.3    0.0100   -0.406    0.3364  3.91e-01  1.01e+00
  6     spectral_decay   3.0    2.3    0.0500   -0.441    1.9653  3.90e-01  1.00e+00
  6     spectral_decay   3.0    3.7    0.0000  -999.000    0.0000  3.75e-01  9.71e-01
  6     spectral_decay   3.0    3.7    0.0100   -0.181    0.1987  3.75e-01  9.69e-01
  6     spectral_decay   3.0    3.7    0.0500   -0.193    1.1802  3.74e-01  9.62e-01
  6     flat_spectrum    0.0    0.3    0.0000  -999.000    0.0000  1.87e-01  4.69e+00
  6     flat_spectrum    0.0    0.3    0.0100   +2.459    0.3109  1.86e-01  4.66e+00
  6     flat_spectrum    0.0    0.3    0.0500   +2.453    1.7457  1.82e-01  4.53e+00
  6     flat_spectrum    0.0    0.7    0.0000  -999.000    0.0000  1.63e-01  3.85e+00
  6     flat_spectrum    0.0    0.7    0.0100   +2.458    1.0957  1.62e-01  3.83e+00
  6     flat_spectrum    0.0    0.7    0.0500   +2.461    6.3480  1.59e-01  3.72e+00
  6     flat_spectrum    0.0    1.1    0.0000  -999.000    0.0000  1.83e-01  4.36e+00
  6     flat_spectrum    0.0    1.1    0.0100   +1.439    1.6824  1.82e-01  4.33e+00
  6     flat_spectrum    0.0    1.1    0.0500   +1.418    9.7398  1.78e-01  4.22e+00
  6     flat_spectrum    0.0    2.3    0.0000  -999.000    0.0000  1.85e-01  4.32e+00
  6     flat_spectrum    0.0    2.3    0.0100   +1.641    2.0854  1.84e-01  4.29e+00
  6     flat_spectrum    0.0    2.3    0.0500   +1.645   12.0366  1.80e-01  4.18e+00
  6     flat_spectrum    0.0    3.7    0.0000  -999.000    0.0000  1.78e-01  4.21e+00
  6     flat_spectrum    0.0    3.7    0.0100   +1.991    1.3277  1.77e-01  4.18e+00
  6     flat_spectrum    0.0    3.7    0.0500   +1.985    7.6325  1.73e-01  4.07e+00
  6     single_shell_1   0.0    0.5    0.0000  -999.000    0.0000  1.26e+00  2.27e+00
  6     single_shell_1   0.0    0.5    0.0100  -15.800  4999.7621  1.26e+00  2.26e+00
  6     single_shell_1   0.0    0.5    0.0500  -10.192  830.2886  1.26e+00  2.27e+00
  6     single_shell_2   0.0    0.5    0.0000  -999.000    0.0000  4.63e+00  2.34e+01
  6     single_shell_2   0.0    0.5    0.0100   -1.616  19984.8751  4.63e+00  2.34e+01
  6     single_shell_2   0.0    0.5    0.0500   -0.292  3283.5773  4.61e+00  2.39e+01
  6     single_shell_3   0.0    0.5    0.0000  -999.000    0.0000  1.36e+01  1.39e+02
  6     single_shell_3   0.0    0.5    0.0100   +2.995  19980.8470  1.36e+01  1.39e+02
  6     single_shell_3   0.0    0.5    0.0500   +2.965  3277.0501  1.34e+01  1.50e+02
  6     single_shell_4   0.0    0.5    0.0000  -999.000    0.0000  3.90e+01  6.49e+02
  6     single_shell_4   0.0    0.5    0.0100   +3.098  19987.3907  3.89e+01  6.48e+02
  6     single_shell_4   0.0    0.5    0.0500   +3.040  3149.2689  3.83e+01  6.75e+02
  6     single_shell_5   0.0    0.5    0.0000  -999.000    0.0000  7.28e+01  1.89e+03
  6     single_shell_5   0.0    0.5    0.0100   +3.122  19758.3539  7.24e+01  1.88e+03
  6     single_shell_5   0.0    0.5    0.0500   +3.238  2578.3497  7.06e+01  1.74e+03
  6     single_shell_6   0.0    0.5    0.0000  -999.000    0.0000  3.05e+01  1.05e+03
  6     single_shell_6   0.0    0.5    0.0100   +3.305  19825.4102  3.03e+01  1.04e+03
  6     single_shell_6   0.0    0.5    0.0500   +3.447  2720.3629  2.93e+01  9.53e+02
  6     random_phase     1.79   rnd    0.0000  -999.000    0.0000  1.79e-01  1.83e+00
  6     random_phase     2.36   rnd    0.0000  -999.000    0.0000  7.95e-02  4.22e-01
  6     random_phase     1.52   rnd    0.0000  -999.000    0.0000  3.06e-01  3.80e+00
  6     random_phase     1.35   rnd    0.0000  -999.000    0.0000  3.84e-01  5.93e+00
  6     random_phase     1.09   rnd    0.0000  -999.000    0.0000  8.33e-01  1.48e+01

  >>> N=6: WORST gamma = +3.7055 (from: spectral a=1.0 p=2.3 t=0.01)
  >>> N=6: WORST eta   = 19987.390709
  >>> N=6: gamma < 2?  **NO** (margin = -1.7055)

  7     spectral_decay   0.0    0.3    0.0000  -999.000    0.0000  2.74e+02  8.72e+03
  7     spectral_decay   0.0    0.3    0.0100   +2.228  2249.6802  2.73e+02  8.65e+03
  7     spectral_decay   0.0    0.3    0.0500   +1.662  1260.7547  2.66e+02  8.04e+03
  7     spectral_decay   0.0    0.7    0.0000  -999.000    0.0000  2.66e+02  8.53e+03
  7     spectral_decay   0.0    0.7    0.0100   +2.731  1544.1927  2.64e+02  8.45e+03
  7     spectral_decay   0.0    0.7    0.0500   +1.864  915.7533  2.58e+02  7.79e+03
  7     spectral_decay   0.0    1.1    0.0000  -999.000    0.0000  2.71e+02  8.50e+03
  7     spectral_decay   0.0    1.1    0.0100   +1.897  1018.9495  2.69e+02  8.42e+03
  7     spectral_decay   0.0    1.1    0.0500   +2.430  261.1223  2.63e+02  7.81e+03
  7     spectral_decay   0.0    2.3    0.0000  -999.000    0.0000  2.67e+02  8.58e+03
  7     spectral_decay   0.0    2.3    0.0100   +2.900  1043.3095  2.65e+02  8.49e+03
  7     spectral_decay   0.0    2.3    0.0500   +0.330  1305.8343  2.59e+02  7.84e+03
  7     spectral_decay   0.0    3.7    0.0000  -999.000    0.0000  3.01e+02  9.88e+03
  7     spectral_decay   0.0    3.7    0.0100   +2.021  1837.2330  3.00e+02  9.75e+03
  7     spectral_decay   0.0    3.7    0.0500   +1.331  1403.0678  2.92e+02  8.80e+03
  7     spectral_decay   0.5    0.3    0.0000  -999.000    0.0000  5.28e+01  1.52e+03
  7     spectral_decay   0.5    0.3    0.0100   +2.619  161.3439  5.25e+01  1.51e+03
  7     spectral_decay   0.5    0.3    0.0500   +2.557  145.1386  5.11e+01  1.48e+03
  7     spectral_decay   0.5    0.7    0.0000  -999.000    0.0000  5.10e+01  1.48e+03
  7     spectral_decay   0.5    0.7    0.0100   +2.505   89.6060  5.07e+01  1.47e+03
  7     spectral_decay   0.5    0.7    0.0500   +2.128  217.2507  4.93e+01  1.44e+03
  7     spectral_decay   0.5    1.1    0.0000  -999.000    0.0000  5.27e+01  1.48e+03
  7     spectral_decay   0.5    1.1    0.0100   +2.627   34.4522  5.25e+01  1.48e+03
  7     spectral_decay   0.5    1.1    0.0500   +2.146  103.9139  5.11e+01  1.46e+03
  7     spectral_decay   0.5    2.3    0.0000  -999.000    0.0000  5.13e+01  1.48e+03
  7     spectral_decay   0.5    2.3    0.0100   +3.987   13.8129  5.10e+01  1.47e+03
  7     spectral_decay   0.5    2.3    0.0500   +3.240   71.4382  4.96e+01  1.44e+03
  7     spectral_decay   0.5    3.7    0.0000  -999.000    0.0000  5.71e+01  1.69e+03
  7     spectral_decay   0.5    3.7    0.0100   +2.945   63.0855  5.67e+01  1.68e+03
  7     spectral_decay   0.5    3.7    0.0500   +2.747  173.5849  5.52e+01  1.62e+03
  7     spectral_decay   1.0    0.3    0.0000  -999.000    0.0000  1.13e+01  2.74e+02
  7     spectral_decay   1.0    0.3    0.0100   +1.375   11.0930  1.12e+01  2.73e+02
  7     spectral_decay   1.0    0.3    0.0500   +1.075   38.9165  1.10e+01  2.69e+02
  7     spectral_decay   1.0    0.7    0.0000  -999.000    0.0000  1.09e+01  2.66e+02
  7     spectral_decay   1.0    0.7    0.0100   +2.753    9.3973  1.09e+01  2.64e+02
  7     spectral_decay   1.0    0.7    0.0500   +2.514   47.8936  1.06e+01  2.60e+02
  7     spectral_decay   1.0    1.1    0.0000  -999.000    0.0000  1.15e+01  2.71e+02
  7     spectral_decay   1.0    1.1    0.0100   +2.466   10.0550  1.14e+01  2.69e+02
  7     spectral_decay   1.0    1.1    0.0500   +2.163   38.7057  1.12e+01  2.67e+02
  7     spectral_decay   1.0    2.3    0.0000  -999.000    0.0000  1.10e+01  2.67e+02
  7     spectral_decay   1.0    2.3    0.0100   +2.647    5.9233  1.09e+01  2.65e+02
  7     spectral_decay   1.0    2.3    0.0500   +2.213   42.1870  1.07e+01  2.61e+02
  7     spectral_decay   1.0    3.7    0.0000  -999.000    0.0000  1.20e+01  3.01e+02
  7     spectral_decay   1.0    3.7    0.0100   +2.873    4.0155  1.19e+01  3.00e+02
  7     spectral_decay   1.0    3.7    0.0500   +2.710   30.4909  1.16e+01  2.93e+02
  7     spectral_decay   1.5    0.3    0.0000  -999.000    0.0000  2.89e+00  5.28e+01
  7     spectral_decay   1.5    0.3    0.0100   +1.415    2.0083  2.88e+00  5.25e+01
  7     spectral_decay   1.5    0.3    0.0500   +2.061   11.9163  2.82e+00  5.15e+01
  7     spectral_decay   1.5    0.7    0.0000  -999.000    0.0000  2.85e+00  5.10e+01
  7     spectral_decay   1.5    0.7    0.0100   +2.530    2.5721  2.84e+00  5.07e+01
  7     spectral_decay   1.5    0.7    0.0500   +2.338   14.5341  2.79e+00  4.97e+01
  7     spectral_decay   1.5    1.1    0.0000  -999.000    0.0000  3.08e+00  5.27e+01
  7     spectral_decay   1.5    1.1    0.0100   +1.191    2.9213  3.07e+00  5.25e+01
  7     spectral_decay   1.5    1.1    0.0500   +1.533   15.1648  3.02e+00  5.16e+01
  7     spectral_decay   1.5    2.3    0.0000  -999.000    0.0000  2.82e+00  5.13e+01
  7     spectral_decay   1.5    2.3    0.0100   +1.686    1.7619  2.81e+00  5.10e+01
  7     spectral_decay   1.5    2.3    0.0500   +1.564   10.8922  2.76e+00  5.00e+01
  7     spectral_decay   1.5    3.7    0.0000  -999.000    0.0000  2.99e+00  5.71e+01
  7     spectral_decay   1.5    3.7    0.0100   +1.830    1.5927  2.97e+00  5.67e+01
  7     spectral_decay   1.5    3.7    0.0500   +1.762    9.7632  2.92e+00  5.55e+01
  7     spectral_decay   2.0    0.3    0.0000  -999.000    0.0000  9.68e-01  1.13e+01
  7     spectral_decay   2.0    0.3    0.0100   +1.935    0.6319  9.66e-01  1.12e+01
  7     spectral_decay   2.0    0.3    0.0500   +1.871    3.7302  9.55e-01  1.10e+01
  7     spectral_decay   2.0    0.7    0.0000  -999.000    0.0000  1.01e+00  1.09e+01
  7     spectral_decay   2.0    0.7    0.0100   +1.727    0.7667  1.00e+00  1.09e+01
  7     spectral_decay   2.0    0.7    0.0500   +1.645    4.3667  9.93e-01  1.07e+01
  7     spectral_decay   2.0    1.1    0.0000  -999.000    0.0000  1.16e+00  1.15e+01
  7     spectral_decay   2.0    1.1    0.0100   +0.776    0.8449  1.15e+00  1.14e+01
  7     spectral_decay   2.0    1.1    0.0500   +0.999    4.6877  1.14e+00  1.12e+01
  7     spectral_decay   2.0    2.3    0.0000  -999.000    0.0000  9.51e-01  1.10e+01
  7     spectral_decay   2.0    2.3    0.0100   +1.079    0.6220  9.49e-01  1.09e+01
  7     spectral_decay   2.0    2.3    0.0500   +1.036    3.6864  9.38e-01  1.07e+01
  7     spectral_decay   2.0    3.7    0.0000  -999.000    0.0000  9.82e-01  1.20e+01
  7     spectral_decay   2.0    3.7    0.0100   +1.090    0.5568  9.80e-01  1.19e+01
  7     spectral_decay   2.0    3.7    0.0500   +0.940    3.3157  9.68e-01  1.17e+01
  7     spectral_decay   3.0    0.3    0.0000  -999.000    0.0000  2.67e-01  9.68e-01
  7     spectral_decay   3.0    0.3    0.0100   +0.297    0.1715  2.67e-01  9.66e-01
  7     spectral_decay   3.0    0.3    0.0500   +0.291    1.0169  2.66e-01  9.56e-01
  7     spectral_decay   3.0    0.7    0.0000  -999.000    0.0000  3.24e-01  1.01e+00
  7     spectral_decay   3.0    0.7    0.0100   +0.415    0.3363  3.24e-01  1.00e+00
  7     spectral_decay   3.0    0.7    0.0500   +0.376    1.9221  3.23e-01  9.94e-01
  7     spectral_decay   3.0    1.1    0.0000  -999.000    0.0000  4.52e-01  1.16e+00
  7     spectral_decay   3.0    1.1    0.0100   -0.027    0.2744  4.52e-01  1.15e+00
  7     spectral_decay   3.0    1.1    0.0500   -0.033    1.5622  4.50e-01  1.14e+00
  7     spectral_decay   3.0    2.3    0.0000  -999.000    0.0000  2.65e-01  9.51e-01
  7     spectral_decay   3.0    2.3    0.0100   +0.008    0.2214  2.65e-01  9.49e-01
  7     spectral_decay   3.0    2.3    0.0500   +0.028    1.3001  2.64e-01  9.40e-01
  7     spectral_decay   3.0    3.7    0.0000  -999.000    0.0000  2.86e-01  9.82e-01
  7     spectral_decay   3.0    3.7    0.0100   +0.326    0.1862  2.86e-01  9.80e-01
  7     spectral_decay   3.0    3.7    0.0500   +0.266    1.1122  2.85e-01  9.69e-01
  7     flat_spectrum    0.0    0.3    0.0000  -999.000    0.0000  3.62e-01  1.18e+01
  7     flat_spectrum    0.0    0.3    0.0100   +0.532   10.5445  3.60e-01  1.17e+01
  7     flat_spectrum    0.0    0.3    0.0500   +0.473   58.5151  3.48e-01  1.13e+01
  7     flat_spectrum    0.0    0.7    0.0000  -999.000    0.0000  2.74e-01  8.59e+00
  7     flat_spectrum    0.0    0.7    0.0100   +1.352    7.2564  2.72e-01  8.52e+00
  7     flat_spectrum    0.0    0.7    0.0500   +1.343   40.6509  2.64e-01  8.22e+00
  7     flat_spectrum    0.0    1.1    0.0000  -999.000    0.0000  3.25e-01  1.05e+01
  7     flat_spectrum    0.0    1.1    0.0100   +1.557    5.0485  3.23e-01  1.04e+01
  7     flat_spectrum    0.0    1.1    0.0500   +1.563   28.5739  3.12e-01  1.00e+01
  7     flat_spectrum    0.0    2.3    0.0000  -999.000    0.0000  3.34e-01  1.08e+01
  7     flat_spectrum    0.0    2.3    0.0100   +2.023    3.1413  3.32e-01  1.08e+01
  7     flat_spectrum    0.0    2.3    0.0500   +2.003   17.8194  3.22e-01  1.04e+01
  7     flat_spectrum    0.0    3.7    0.0000  -999.000    0.0000  3.15e-01  9.91e+00
  7     flat_spectrum    0.0    3.7    0.0100   +1.611    4.3968  3.13e-01  9.84e+00
  7     flat_spectrum    0.0    3.7    0.0500   +1.641   24.8982  3.03e-01  9.50e+00
  7     single_shell_1   0.0    0.5    0.0000  -999.000    0.0000  6.55e-01  1.11e+00
  7     single_shell_1   0.0    0.5    0.0100  -19.847  4999.9078  6.55e-01  1.11e+00
  7     single_shell_1   0.0    0.5    0.0500  -12.840  831.7286  6.54e-01  1.11e+00
  7     single_shell_2   0.0    0.5    0.0000  -999.000    0.0000  5.38e+00  2.84e+01
  7     single_shell_2   0.0    0.5    0.0100   -2.808  19982.8394  5.37e+00  2.84e+01
  7     single_shell_2   0.0    0.5    0.0500   -0.766  3272.4303  5.34e+00  2.93e+01
  7     single_shell_3   0.0    0.5    0.0000  -999.000    0.0000  1.45e+01  1.45e+02
  7     single_shell_3   0.0    0.5    0.0100   +0.981  19966.0738  1.44e+01  1.46e+02
  7     single_shell_3   0.0    0.5    0.0500   +1.560  3213.0361  1.43e+01  1.61e+02
  7     single_shell_4   0.0    0.5    0.0000  -999.000    0.0000  2.65e+01  4.41e+02
  7     single_shell_4   0.0    0.5    0.0100   +2.808  19867.2029  2.64e+01  4.42e+02
  7     single_shell_4   0.0    0.5    0.0500   +2.753  2841.9229  2.60e+01  5.04e+02
  7     single_shell_5   0.0    0.5    0.0000  -999.000    0.0000  8.29e+01  2.21e+03
  7     single_shell_5   0.0    0.5    0.0100   +2.875  19559.7237  8.25e+01  2.20e+03
  7     single_shell_5   0.0    0.5    0.0500   +3.121  1588.6234  8.04e+01  2.24e+03
  7     single_shell_6   0.0    0.5    0.0000  -999.000    0.0000  9.29e+01  3.56e+03
  7     single_shell_6   0.0    0.5    0.0100   +3.454  19644.1610  9.23e+01  3.51e+03
  7     single_shell_6   0.0    0.5    0.0500   +3.414  2304.3605  8.91e+01  3.02e+03
  7     single_shell_7   0.0    0.5    0.0000  -999.000    0.0000  4.92e+01  2.26e+03
  7     single_shell_7   0.0    0.5    0.0100   +4.038  19853.3692  4.88e+01  2.23e+03
  7     single_shell_7   0.0    0.5    0.0500   +3.827  2973.0961  4.67e+01  1.92e+03
  7     random_phase     1.33   rnd    0.0000  -999.000    0.0000  4.93e-01  9.33e+00
  7     random_phase     0.90   rnd    0.0000  -999.000    0.0000  1.56e+00  3.85e+01
  7     random_phase     1.50   rnd    0.0000  -999.000    0.0000  3.13e-01  5.37e+00
  7     random_phase     1.07   rnd    0.0000  -999.000    0.0000  9.90e-01  2.23e+01
  7     random_phase     0.80   rnd    0.0000  -999.000    0.0000  2.39e+00  6.04e+01

  >>> N=7: WORST gamma = +4.0379 (from: shell=7 t=0.01)
  >>> N=7: WORST eta   = 19982.839444
  >>> N=7: gamma < 2?  **NO** (margin = -2.0379)

  8     spectral_decay   0.0    0.3    0.0000  -999.000    0.0000  4.72e+02  1.96e+04
  8     spectral_decay   0.0    0.3    0.0100   +2.083  5288.2684  4.69e+02  1.93e+04
  8     spectral_decay   0.0    0.3    0.0500   +2.114  836.7821  4.57e+02  1.78e+04
  8     spectral_decay   0.0    0.7    0.0000  -999.000    0.0000  4.82e+02  2.01e+04
  8     spectral_decay   0.0    0.7    0.0100   +2.021  2478.5859  4.79e+02  1.97e+04
  8     spectral_decay   0.0    0.7    0.0500   +1.821  2637.8993  4.66e+02  1.83e+04
  8     spectral_decay   0.0    1.1    0.0000  -999.000    0.0000  4.86e+02  2.05e+04
  8     spectral_decay   0.0    1.1    0.0100   +1.138  5628.3759  4.83e+02  2.01e+04
  8     spectral_decay   0.0    1.1    0.0500   +3.422  122.5551  4.70e+02  1.81e+04
  8     spectral_decay   0.0    2.3    0.0000  -999.000    0.0000  4.68e+02  1.92e+04
  8     spectral_decay   0.0    2.3    0.0100   +2.267  1696.9967  4.66e+02  1.89e+04
  8     spectral_decay   0.0    2.3    0.0500   +1.428  2939.0517  4.54e+02  1.76e+04
  8     spectral_decay   0.0    3.7    0.0000  -999.000    0.0000  4.95e+02  2.03e+04
  8     spectral_decay   0.0    3.7    0.0100   +2.490  1704.6504  4.92e+02  1.99e+04
  8     spectral_decay   0.0    3.7    0.0500   +1.888  1601.1769  4.79e+02  1.87e+04
  8     spectral_decay   0.5    0.3    0.0000  -999.000    0.0000  7.95e+01  2.98e+03
  8     spectral_decay   0.5    0.3    0.0100   +2.350  143.8010  7.89e+01  2.96e+03
  8     spectral_decay   0.5    0.3    0.0500   +2.599  536.8707  7.62e+01  2.88e+03
  8     spectral_decay   0.5    0.7    0.0000  -999.000    0.0000  8.15e+01  3.05e+03
  8     spectral_decay   0.5    0.7    0.0100   +1.733  151.9827  8.09e+01  3.02e+03
  8     spectral_decay   0.5    0.7    0.0500   +2.059  400.2343  7.81e+01  2.93e+03
  8     spectral_decay   0.5    1.1    0.0000  -999.000    0.0000  8.16e+01  3.09e+03
  8     spectral_decay   0.5    1.1    0.0100   +1.472  454.0790  8.10e+01  3.06e+03
  8     spectral_decay   0.5    1.1    0.0500   +2.616  130.4010  7.82e+01  2.97e+03
  8     spectral_decay   0.5    2.3    0.0000  -999.000    0.0000  7.96e+01  2.94e+03
  8     spectral_decay   0.5    2.3    0.0100   +2.045   84.3091  7.90e+01  2.91e+03
  8     spectral_decay   0.5    2.3    0.0500   +1.728  1172.3037  7.63e+01  2.90e+03
  8     spectral_decay   0.5    3.7    0.0000  -999.000    0.0000  8.38e+01  3.11e+03
  8     spectral_decay   0.5    3.7    0.0100   +2.505   90.6496  8.32e+01  3.08e+03
  8     spectral_decay   0.5    3.7    0.0500   +2.669  238.4468  8.04e+01  2.99e+03
  8     spectral_decay   1.0    0.3    0.0000  -999.000    0.0000  1.49e+01  4.72e+02
  8     spectral_decay   1.0    0.3    0.0100   +1.706   14.1810  1.48e+01  4.68e+02
  8     spectral_decay   1.0    0.3    0.0500   +2.030   68.7906  1.43e+01  4.60e+02
  8     spectral_decay   1.0    0.7    0.0000  -999.000    0.0000  1.55e+01  4.82e+02
  8     spectral_decay   1.0    0.7    0.0100   +1.976    9.0629  1.54e+01  4.78e+02
  8     spectral_decay   1.0    0.7    0.0500   +1.833   51.1906  1.49e+01  4.65e+02
  8     spectral_decay   1.0    1.1    0.0000  -999.000    0.0000  1.54e+01  4.86e+02
  8     spectral_decay   1.0    1.1    0.0100   +1.864    9.8474  1.53e+01  4.82e+02
  8     spectral_decay   1.0    1.1    0.0500   +2.555   38.7553  1.48e+01  4.71e+02
  8     spectral_decay   1.0    2.3    0.0000  -999.000    0.0000  1.51e+01  4.68e+02
  8     spectral_decay   1.0    2.3    0.0100   +1.058   32.0169  1.50e+01  4.65e+02
  8     spectral_decay   1.0    2.3    0.0500   +1.412  188.5231  1.45e+01  4.57e+02
  8     spectral_decay   1.0    3.7    0.0000  -999.000    0.0000  1.58e+01  4.95e+02
  8     spectral_decay   1.0    3.7    0.0100   +1.103   26.0751  1.57e+01  4.91e+02
  8     spectral_decay   1.0    3.7    0.0500   +1.327  118.8036  1.52e+01  4.79e+02
  8     spectral_decay   1.5    0.3    0.0000  -999.000    0.0000  3.39e+00  7.95e+01
  8     spectral_decay   1.5    0.3    0.0100   +1.290    2.9415  3.37e+00  7.89e+01
  8     spectral_decay   1.5    0.3    0.0500   +1.262   16.2342  3.30e+00  7.69e+01
  8     spectral_decay   1.5    0.7    0.0000  -999.000    0.0000  3.63e+00  8.15e+01
  8     spectral_decay   1.5    0.7    0.0100   +1.602    2.2383  3.62e+00  8.09e+01
  8     spectral_decay   1.5    0.7    0.0500   +1.575   13.0237  3.54e+00  7.86e+01
  8     spectral_decay   1.5    1.1    0.0000  -999.000    0.0000  3.57e+00  8.16e+01
  8     spectral_decay   1.5    1.1    0.0100   +1.260    1.8261  3.56e+00  8.10e+01
  8     spectral_decay   1.5    1.1    0.0500   +1.445   10.8669  3.48e+00  7.89e+01
  8     spectral_decay   1.5    2.3    0.0000  -999.000    0.0000  3.48e+00  7.96e+01
  8     spectral_decay   1.5    2.3    0.0100   +1.000    5.1743  3.46e+00  7.90e+01
  8     spectral_decay   1.5    2.3    0.0500   +1.101   29.5254  3.39e+00  7.71e+01
  8     spectral_decay   1.5    3.7    0.0000  -999.000    0.0000  3.64e+00  8.38e+01
  8     spectral_decay   1.5    3.7    0.0100   +1.098    4.4493  3.63e+00  8.32e+01
  8     spectral_decay   1.5    3.7    0.0500   +0.984   24.6453  3.55e+00  8.10e+01
  8     spectral_decay   2.0    0.3    0.0000  -999.000    0.0000  1.06e+00  1.49e+01
  8     spectral_decay   2.0    0.3    0.0100   +0.872    0.6752  1.06e+00  1.48e+01
  8     spectral_decay   2.0    0.3    0.0500   +0.506    3.9049  1.05e+00  1.44e+01
  8     spectral_decay   2.0    0.7    0.0000  -999.000    0.0000  1.20e+00  1.55e+01
  8     spectral_decay   2.0    0.7    0.0100   +0.956    0.5754  1.20e+00  1.54e+01
  8     spectral_decay   2.0    0.7    0.0500   +0.982    3.3722  1.18e+00  1.50e+01
  8     spectral_decay   2.0    1.1    0.0000  -999.000    0.0000  1.16e+00  1.54e+01
  8     spectral_decay   2.0    1.1    0.0100   +0.278    0.5398  1.16e+00  1.53e+01
  8     spectral_decay   2.0    1.1    0.0500   +0.767    3.2091  1.15e+00  1.49e+01
  8     spectral_decay   2.0    2.3    0.0000  -999.000    0.0000  1.12e+00  1.51e+01
  8     spectral_decay   2.0    2.3    0.0100   +0.699    0.8532  1.11e+00  1.50e+01
  8     spectral_decay   2.0    2.3    0.0500   +0.762    4.9590  1.10e+00  1.46e+01
  8     spectral_decay   2.0    3.7    0.0000  -999.000    0.0000  1.17e+00  1.58e+01
  8     spectral_decay   2.0    3.7    0.0100   +0.800    1.0306  1.17e+00  1.57e+01
  8     spectral_decay   2.0    3.7    0.0500   +0.683    6.0115  1.15e+00  1.53e+01
  8     spectral_decay   3.0    0.3    0.0000  -999.000    0.0000  3.24e-01  1.06e+00
  8     spectral_decay   3.0    0.3    0.0100   -0.640    0.1849  3.24e-01  1.06e+00
  8     spectral_decay   3.0    0.3    0.0500   -0.441    1.0426  3.23e-01  1.05e+00
  8     spectral_decay   3.0    0.7    0.0000  -999.000    0.0000  3.87e-01  1.20e+00
  8     spectral_decay   3.0    0.7    0.0100   -0.626    0.2362  3.87e-01  1.20e+00
  8     spectral_decay   3.0    0.7    0.0500   -0.671    1.3830  3.86e-01  1.19e+00
  8     spectral_decay   3.0    1.1    0.0000  -999.000    0.0000  3.66e-01  1.16e+00
  8     spectral_decay   3.0    1.1    0.0100   -0.190    0.1363  3.66e-01  1.16e+00
  8     spectral_decay   3.0    1.1    0.0500   -0.179    0.8207  3.65e-01  1.15e+00
  8     spectral_decay   3.0    2.3    0.0000  -999.000    0.0000  3.46e-01  1.12e+00
  8     spectral_decay   3.0    2.3    0.0100   -0.197    0.1132  3.46e-01  1.11e+00
  8     spectral_decay   3.0    2.3    0.0500   -0.192    0.7027  3.45e-01  1.10e+00
  8     spectral_decay   3.0    3.7    0.0000  -999.000    0.0000  3.68e-01  1.17e+00
  8     spectral_decay   3.0    3.7    0.0100   -0.760    0.1890  3.68e-01  1.17e+00
  8     spectral_decay   3.0    3.7    0.0500   -0.911    1.1282  3.67e-01  1.15e+00
  8     flat_spectrum    0.0    0.3    0.0000  -999.000    0.0000  5.58e-01  2.36e+01
  8     flat_spectrum    0.0    0.3    0.0100   +1.770   24.4167  5.54e-01  2.34e+01
  8     flat_spectrum    0.0    0.3    0.0500   +1.803  132.3599  5.31e-01  2.23e+01
  8     flat_spectrum    0.0    0.7    0.0000  -999.000    0.0000  5.28e-01  2.19e+01
  8     flat_spectrum    0.0    0.7    0.0100   +1.198    8.0166  5.24e-01  2.17e+01
  8     flat_spectrum    0.0    0.7    0.0500   +1.366   43.8687  5.03e-01  2.07e+01
  8     flat_spectrum    0.0    1.1    0.0000  -999.000    0.0000  5.15e-01  2.16e+01
  8     flat_spectrum    0.0    1.1    0.0100   +1.153   19.4910  5.11e-01  2.14e+01
  8     flat_spectrum    0.0    1.1    0.0500   +0.965  105.2870  4.90e-01  2.04e+01
  8     flat_spectrum    0.0    2.3    0.0000  -999.000    0.0000  5.15e-01  2.14e+01
  8     flat_spectrum    0.0    2.3    0.0100   +1.605   20.1495  5.11e-01  2.12e+01
  8     flat_spectrum    0.0    2.3    0.0500   +1.530  109.1033  4.90e-01  2.03e+01
  8     flat_spectrum    0.0    3.7    0.0000  -999.000    0.0000  5.01e-01  2.08e+01
  8     flat_spectrum    0.0    3.7    0.0100   +1.355   11.5707  4.97e-01  2.06e+01
  8     flat_spectrum    0.0    3.7    0.0500   +1.364   63.1349  4.77e-01  1.97e+01
  8     single_shell_1   0.0    0.5    0.0000  -999.000    0.0000  1.02e+00  1.81e+00
  8     single_shell_1   0.0    0.5    0.0100  -22.808  4999.8563  1.02e+00  1.81e+00
  8     single_shell_1   0.0    0.5    0.0500  -14.453  831.3206  1.02e+00  1.81e+00
  8     single_shell_2   0.0    0.5    0.0000  -999.000    0.0000  5.53e+00  2.88e+01
  8     single_shell_2   0.0    0.5    0.0100   -4.996  19985.9537  5.52e+00  2.88e+01
  8     single_shell_2   0.0    0.5    0.0500   -1.991  3293.6398  5.49e+00  2.94e+01
  8     single_shell_3   0.0    0.5    0.0000  -999.000    0.0000  1.08e+01  1.06e+02
  8     single_shell_3   0.0    0.5    0.0100   +0.123  19979.6768  1.07e+01  1.06e+02
  8     single_shell_3   0.0    0.5    0.0500   +1.271  3287.2052  1.06e+01  1.16e+02
  8     single_shell_4   0.0    0.5    0.0000  -999.000    0.0000  3.33e+01  5.63e+02
  8     single_shell_4   0.0    0.5    0.0100   +2.601  19939.9800  3.32e+01  5.68e+02
  8     single_shell_4   0.0    0.5    0.0500   +2.535  3118.5987  3.26e+01  7.32e+02
  8     single_shell_5   0.0    0.5    0.0000  -999.000    0.0000  7.76e+01  2.05e+03
  8     single_shell_5   0.0    0.5    0.0100   +3.339  19869.9532  7.72e+01  2.06e+03
  8     single_shell_5   0.0    0.5    0.0500   +3.148  2182.5747  7.51e+01  2.48e+03
  8     single_shell_6   0.0    0.5    0.0000  -999.000    0.0000  1.47e+02  5.64e+03
  8     single_shell_6   0.0    0.5    0.0100   +3.403  20050.2380  1.46e+02  5.57e+03
  8     single_shell_6   0.0    0.5    0.0500   +3.216  1802.0870  1.41e+02  5.42e+03
  8     single_shell_7   0.0    0.5    0.0000  -999.000    0.0000  1.69e+02  8.54e+03
  8     single_shell_7   0.0    0.5    0.0100   +3.266  19027.8138  1.67e+02  8.33e+03
  8     single_shell_7   0.0    0.5    0.0500   +2.902  2132.2411  1.61e+02  6.60e+03
  8     single_shell_8   0.0    0.5    0.0000  -999.000    0.0000  6.84e+01  4.12e+03
  8     single_shell_8   0.0    0.5    0.0100   +3.644  19477.7324  6.76e+01  4.04e+03
  8     single_shell_8   0.0    0.5    0.0500   +3.949  1629.6787  6.40e+01  3.19e+03
  8     random_phase     1.31   rnd    0.0000  -999.000    0.0000  6.88e-01  1.81e+01
  8     random_phase     0.91   rnd    0.0000  -999.000    0.0000  2.18e+00  7.03e+01
  8     random_phase     1.14   rnd    0.0000  -999.000    0.0000  1.05e+00  3.34e+01
  8     random_phase     1.62   rnd    0.0000  -999.000    0.0000  2.96e-01  5.77e+00
  8     random_phase     1.66   rnd    0.0000  -999.000    0.0000  2.44e-01  5.30e+00

  >>> N=8: WORST gamma = +3.9491 (from: shell=8 t=0.05)
  >>> N=8: WORST eta   = 20050.237963
  >>> N=8: gamma < 2?  **NO** (margin = -1.9491)

################################################################
#  INTERPRETATION                                              #
#                                                              #
#  If gamma < 2 at every N for EVERY IC class tested:         #
#  the subcritical bound holds across the sampled space.       #
#  The margin (2 - gamma) quantifies robustness.              #
#                                                              #
#  If gamma DECREASES with N: monotonicity supports the       #
#  computer-assisted proof strategy (verify small N,           #
#  prove monotonicity analytically for large N).              #
################################################################
